第1代  
 13.50 22.90 33.50 2.88 4.97 3.88 11.50 14.20 2.62 26.50  
 7.22 1.62 19.90 11.50 5.12 16.00 16.00 4.49 30.00 2.63  
 5.12 14.20 16.90 26.50 22.00 16.90 26.50 3.88 13.50 2.63  
 5.74 18.80 16.90 7.97 5.74 4.97 19.90 26.50 1.80 33.50  
 第2代  
 16.00 18.80 16.90 5.74 22.00 1.80 26.50 11.50 19.90 33.50  
 18.80 3.47 33.50 3.63 4.97 7.97 22.90 14.20 3.84 16.00  
 13.50 22.90 33.50 2.88 4.97 3.88 11.50 14.20 2.62 26.50  
 7.22 13.50 30.00 22.00 4.18 3.63 22.90 2.62 3.38 15.50  
 第3代  
 16.00 18.80 16.90 5.74 22.00 1.80 26.50 11.50 19.90 33.50  
 16.00 18.80 16.90 5.74 22.00 1.80 26.50 11.50 19.90 33.50  
 13.50 22.90 33.50 2.88 4.97 3.88 22.90 14.20 2.62 26.50  
 16.00 4.97 16.90 5.74 22.00 1.80 26.50 11.50 19.90 33.50  
 第4代  
 22.90 22.90 33.50 2.88 4.97 3.88 22.90 14.20 2.62 26.50  
 13.50 13.50 30.00 16.00 4.18 3.63 22.90 33.50 3.38 26.50  
 16.00 18.80 16.90 5.74 22.00 1.80 26.50 11.50 19.90 33.50  
 16.00 18.80 16.90 5.74 22.00 1.80 26.50 11.50 19.90 33.50  
 第5代  
 16.00 13.50 30.00 16.00 4.18 3.63 22.90 33.50 19.90 33.50  
 16.00 18.80 30.00 5.74 22.00 7.22 26.50 11.50 19.90 33.50  
 13.50 22.90 33.50 2.88 22.00 3.88 22.90 14.20 16.90 26.50  
 22.90 22.90 33.50 2.88 4.97 3.88 22.90 14.20 2.62 26.50  
 第6代  
 16.00 13.50 30.00 16.00 4.18 3.63 22.90 33.50 19.90 33.50  
 16.00 13.50 30.00 16.00 4.18 3.63 22.90 33.50 19.90 33.50  
 16.00 18.80 30.00 5.74 22.00 7.22 26.50 11.50 19.90 33.50  
 16.00 18.80 30.00 5.74 22.00 7.22 26.50 11.50 19.90 33.50  
 第7代  
 16.00 18.80 30.00 30.00 4.18 7.22 26.50 11.50 19.90 26.50  
 16.00 13.50 30.00 16.00 4.18 3.63 22.90 33.50 19.90 33.50  
 16.00 13.50 30.00 16.00 4.18 3.63 22.90 33.50 19.90 33.50  
 16.00 13.50 30.00 16.00 4.18 3.63 22.90 33.50 19.90 33.50  
 第8代  
 16.90 5.74 33.50 13.50 1.62 4.80 26.50 11.50 19.90 26.50  
 16.00 18.80 30.00 30.00 4.18 7.22 26.50 11.50 19.90 26.50  
 16.00 18.80 30.00 30.00 4.18 7.22 26.50 11.50 19.90 26.50  
 30.00 18.80 16.90 13.90 1.62 16.00 26.50 11.50 19.90 33.50  
 第9代  
 16.90 5.74 33.50 13.50 1.62 4.80 26.50 11.50 19.90 26.50  
 16.90 5.74 33.50 13.50 1.62 4.80 26.50 11.50 19.90 26.50  
 16.00 18.80 30.00 30.00 4.18 7.22 26.50 11.50 19.90 26.50  
 16.00 18.80 30.00 30.00 4.18 7.22 26.50 11.50 19.90 26.50  
 第10代  
 16.90 5.74 33.50 13.50 1.62 4.80 26.50 11.50 19.90 26.50  
 16.90 5.74 33.50 13.50 1.62 4.80 26.50 11.50 19.90 26.50  
 16.90 5.74 33.50 13.50 1.62 4.80 26.50 11.50 19.90 26.50  
 16.90 5.74 33.50 13.50 1.62 4.80 26.50 11.50 19.90 26.50  
 第11代  
 16.90 5.74 33.50 13.50 1.62 4.80 26.50 11.50 19.90 26.50  
 16.90 5.74 33.50 13.50 1.62 4.80 26.50 11.50 19.90 26.50  
 16.90 5.74 33.50 13.50 1.62 4.80 26.50 11.50 19.90 26.50  
 16.90 5.74 33.50 13.50 1.62 4.80 26.50 11.50 19.90 26.50  
 第12代  
 16.90 5.74 33.50 13.50 1.62 4.80 26.50 11.50 19.90 26.50  
 16.90 5.74 33.50 13.50 1.62 4.80 26.50 11.50 19.90 26.50  
 16.90 5.74 33.50 13.50 1.62 4.80 26.50 11.50 19.90 26.50  
 16.90 5.74 33.50 13.50 1.62 4.80 26.50 11.50 19.90 26.50  
 第13代  
 16.90 5.74 33.50 13.50 1.62 4.80 26.50 11.50 19.90 26.50  
 16.90 5.74 33.50 13.50 1.62 4.80 26.50 11.50 19.90 26.50  
 16.90 5.74 33.50 13.50 1.62 4.80 26.50 11.50 19.90 26.50  
 16.90 5.74 33.50 13.50 1.62 4.80 26.50 11.50 19.90 26.50  
 第14代  
 16.90 5.74 33.50 13.50 1.62 4.80 26.50 11.50 19.90 26.50  
 16.90 5.74 33.50 13.50 1.62 4.80 26.50 11.50 19.90 26.50  
 16.90 5.74 33.50 13.50 1.62 4.80 26.50 11.50 19.90 26.50  
 16.90 5.74 33.50 13.50 1.62 4.80 26.50 11.50 19.90 26.50  
 第15代  
 16.90 5.74 33.50 13.50 1.62 4.18 26.50 13.90 19.90 16.90  
 16.90 5.74 33.50 13.50 1.62 4.80 26.50 11.50 19.90 26.50  
 16.90 5.74 33.50 13.50 1.62 4.80 26.50 11.50 19.90 26.50  
 16.90 5.74 33.50 13.50 1.62 4.80 26.50 11.50 19.90 26.50  
 第16代  
 16.90 5.74 33.50 13.50 1.62 4.18 26.50 13.90 19.90 16.90  
 16.90 5.74 33.50 13.50 1.62 4.18 26.50 13.90 19.90 16.90  
 16.90 5.74 33.50 13.50 1.62 4.80 26.50 11.50 19.90 26.50  
 16.90 5.74 33.50 13.50 1.62 4.80 26.50 11.50 19.90 26.50  
 第17代  
 16.90 5.74 33.50 13.50 1.62 4.18 26.50 13.90 19.90 16.90  
 16.90 5.74 33.50 13.50 1.62 4.18 26.50 13.90 19.90 16.90  
 16.90 5.74 33.50 13.50 1.62 4.18 26.50 13.90 19.90 16.90  
 16.90 5.74 33.50 13.50 1.62 4.18 26.50 13.90 19.90 16.90  
 第18代  
 16.90 5.74 33.50 13.50 1.62 4.18 26.50 13.90 19.90 16.90  
 16.90 5.74 33.50 13.50 1.62 4.18 26.50 13.90 19.90 16.90  
 16.90 5.74 33.50 13.50 1.62 4.18 26.50 13.90 19.90 16.90  
 16.90 5.74 33.50 13.50 1.62 4.18 26.50 13.90 19.90 16.90  
 第19代  
 16.90 5.74 33.50 13.50 1.62 4.18 26.50 13.90 19.90 16.90  
 16.90 5.74 33.50 13.50 1.62 4.18 26.50 13.90 19.90 16.90  
 16.90 5.74 33.50 13.50 1.62 4.18 26.50 13.90 19.90 16.90  
 16.90 5.74 33.50 13.50 1.62 4.18 26.50 13.90 19.90 16.90  
 第20代  
 16.90 5.74 33.50 13.50 1.62 4.18 26.50 13.90 19.90 16.90  
 16.90 5.74 33.50 13.50 1.62 4.18 26.50 13.90 19.90 16.90  
 16.90 5.74 33.50 13.50 1.62 4.18 26.50 13.90 19.90 16.90  
 16.90 5.74 33.50 13.50 1.62 4.18 26.50 13.90 19.90 16.90  
 第21代  
 16.90 5.74 33.50 13.50 1.62 4.18 26.50 13.90 19.90 16.90  
 16.90 5.74 33.50 13.50 1.62 4.18 26.50 13.90 19.90 16.90  
 16.90 5.74 33.50 13.50 1.62 4.18 26.50 13.90 19.90 16.90  
 16.90 5.74 33.50 13.50 1.62 4.18 26.50 13.90 19.90 16.90  
 第22代  
 16.90 5.74 33.50 13.50 1.62 4.18 26.50 13.90 19.90 16.90  
 16.90 5.74 33.50 13.50 1.62 4.18 26.50 13.90 19.90 16.90  
 16.90 5.74 33.50 13.50 1.62 4.18 26.50 13.90 19.90 16.90  
 16.90 5.74 33.50 13.50 1.62 4.18 26.50 13.90 19.90 16.90  
 第23代  
 16.90 5.74 33.50 13.50 1.62 4.18 26.50 13.90 19.90 16.90  
 16.90 5.74 33.50 13.50 1.62 4.18 26.50 13.90 19.90 16.90  
 16.90 5.74 33.50 13.50 1.62 4.18 26.50 13.90 19.90 16.90  
 16.90 5.74 33.50 13.50 1.62 4.18 26.50 13.90 19.90 16.90  
 第24代  
 16.90 5.74 33.50 13.50 1.62 4.18 26.50 13.90 19.90 16.90  
 16.90 5.74 33.50 13.50 1.62 4.18 26.50 13.90 19.90 16.90  
 16.90 5.74 33.50 13.50 1.62 4.18 26.50 13.90 19.90 16.90  
 16.90 5.74 33.50 13.50 1.62 4.18 26.50 13.90 19.90 16.90  
 第25代  
 16.90 5.74 33.50 13.50 1.62 4.18 26.50 13.90 19.90 16.90  
 16.90 5.74 33.50 13.50 1.62 4.18 26.50 13.90 19.90 16.90  
 16.90 5.74 33.50 13.50 1.62 4.18 26.50 13.90 19.90 16.90  
 16.90 5.74 33.50 13.50 1.62 4.18 26.50 13.90 19.90 16.90  
 第26代  
 16.90 5.74 33.50 13.50 1.62 4.18 26.50 13.90 19.90 16.90  
 16.90 5.74 33.50 13.50 1.62 4.18 26.50 13.90 19.90 16.90  
 16.90 5.74 33.50 13.50 1.62 4.18 26.50 13.90 19.90 16.90  
 16.90 5.74 33.50 13.50 1.62 4.18 26.50 13.90 19.90 16.90  
 第27代  
 16.90 7.97 33.50 13.50 1.62 4.18 26.50 13.90 19.90 13.90  
 16.90 5.74 33.50 13.50 1.62 4.18 26.50 13.90 19.90 16.90  
 16.90 5.74 33.50 13.50 1.62 4.18 26.50 13.90 19.90 16.90  
 16.90 5.74 33.50 13.50 1.62 4.18 26.50 13.90 19.90 16.90  
 第28代  
 16.90 7.97 33.50 13.50 1.62 4.18 26.50 13.90 19.90 13.90  
 16.90 7.97 33.50 13.50 1.62 4.18 26.50 13.90 19.90 13.90  
 16.90 5.74 33.50 13.50 1.62 4.18 26.50 13.90 19.90 16.90  
 16.90 5.74 33.50 13.50 1.62 4.18 26.50 13.90 19.90 16.90  
 第29代  
 16.90 7.97 33.50 13.50 1.62 4.18 26.50 13.90 19.90 13.90  
 16.90 7.97 33.50 13.50 1.62 4.18 26.50 13.90 19.90 13.90  
 16.90 7.97 33.50 13.50 1.62 4.18 26.50 13.90 19.90 13.90  
 16.90 7.97 33.50 13.50 1.62 4.18 26.50 13.90 19.90 13.90  
 第30代  
 16.90 7.97 33.50 13.50 1.62 4.18 26.50 13.90 19.90 13.90  
 16.90 7.97 33.50 13.50 1.62 4.18 26.50 13.90 19.90 13.90  
 16.90 7.97 33.50 13.50 1.62 4.18 26.50 13.90 19.90 13.90  
 16.90 7.97 33.50 13.50 1.62 4.18 26.50 13.90 19.90 13.90  
 第31代  
 16.90 7.97 33.50 13.50 1.62 4.18 26.50 13.90 19.90 13.90  
 16.90 7.97 33.50 13.50 1.62 4.18 26.50 13.90 19.90 13.90  
 16.90 7.97 33.50 13.50 1.62 4.18 26.50 13.90 19.90 13.90  
 16.90 7.97 33.50 13.50 1.62 4.18 26.50 13.90 19.90 13.90  
 第32代  
 16.90 7.97 33.50 13.50 1.62 4.18 26.50 13.90 19.90 13.90  
 16.90 7.97 33.50 13.50 1.62 4.18 26.50 13.90 19.90 13.90  
 16.90 7.97 33.50 13.50 1.62 4.18 26.50 13.90 19.90 13.90  
 16.90 7.97 33.50 13.50 1.62 4.18 26.50 13.90 19.90 13.90  
 第33代  
 16.90 7.97 33.50 13.50 1.62 7.22 26.50 13.90 19.90 11.50  
 16.90 7.97 33.50 13.50 1.62 4.18 26.50 13.90 19.90 13.90  
 16.90 7.97 33.50 13.50 1.62 4.18 26.50 13.90 19.90 13.90  
 16.90 7.97 33.50 13.50 1.62 4.18 26.50 13.90 19.90 13.90  
 第34代  
 16.90 7.97 33.50 13.50 1.62 7.22 26.50 13.90 19.90 11.50  
 16.90 7.97 33.50 13.50 1.62 7.22 26.50 13.90 19.90 11.50  
 16.90 7.97 33.50 13.50 1.62 4.18 26.50 13.90 19.90 13.90  
 16.90 7.97 33.50 13.50 1.62 4.18 26.50 13.90 19.90 13.90  
 第35代  
 16.90 7.97 33.50 13.50 1.62 7.22 26.50 13.90 19.90 11.50  
 16.90 7.97 33.50 13.50 1.62 7.22 26.50 13.90 19.90 11.50  
 16.90 7.97 33.50 13.50 1.62 7.22 26.50 13.90 19.90 11.50  
 16.90 7.97 33.50 13.50 1.62 7.22 26.50 13.90 19.90 11.50  
 第36代  
 16.90 7.97 33.50 13.50 1.62 7.22 26.50 13.90 19.90 11.50  
 16.90 7.97 33.50 13.50 1.62 7.22 26.50 13.90 19.90 11.50  
 16.90 7.97 33.50 13.50 1.62 7.22 26.50 13.90 19.90 11.50  
 16.90 7.97 33.50 13.50 1.62 7.22 26.50 13.90 19.90 11.50  
 第37代  
 26.50 7.97 33.50 13.50 2.93 3.13 26.50 13.90 19.90 3.47  
 16.90 7.97 33.50 13.50 1.62 7.22 26.50 13.90 19.90 11.50  
 16.90 7.97 33.50 13.50 1.62 7.22 26.50 13.90 19.90 11.50  
 16.90 7.97 33.50 13.50 1.62 7.22 26.50 13.90 19.90 11.50  
 第38代  
 26.50 7.97 33.50 13.50 2.93 3.13 26.50 13.90 19.90 3.47  
 26.50 7.97 33.50 13.50 2.93 3.13 26.50 13.90 19.90 3.47  
 16.90 7.97 33.50 13.50 1.62 7.22 26.50 13.90 19.90 11.50  
 16.90 7.97 33.50 13.50 1.62 7.22 26.50 13.90 19.90 11.50  
 第39代  
 26.50 7.97 33.50 13.50 2.93 3.13 26.50 13.90 19.90 3.47  
 26.50 7.97 33.50 13.50 2.93 3.13 26.50 13.90 19.90 3.47  
 26.50 7.97 33.50 13.50 2.93 3.13 26.50 13.90 19.90 3.47  
 26.50 7.97 33.50 13.50 2.93 3.13 26.50 13.90 19.90 3.47  
 第40代  
 26.50 7.97 33.50 13.50 2.93 3.13 26.50 13.90 19.90 3.47  
 26.50 7.97 33.50 13.50 2.93 3.13 26.50 13.90 19.90 3.47  
 26.50 7.97 33.50 13.50 2.93 3.13 26.50 13.90 19.90 3.47  
 26.50 7.97 33.50 13.50 2.93 3.13 26.50 13.90 19.90 3.47  
 第41代  
 26.50 3.55 22.90 13.50 4.59 3.84 15.50 30.00 19.90 3.47  
 26.50 7.97 33.50 13.50 2.93 3.13 26.50 13.90 19.90 3.47  
 26.50 7.97 33.50 13.50 2.93 3.13 26.50 13.90 19.90 3.47  
 26.50 7.97 33.50 13.50 2.93 3.13 26.50 13.90 19.90 3.47  
 第42代  
 26.50 3.55 22.90 13.50 4.59 3.84 15.50 30.00 19.90 3.47  
 26.50 3.55 22.90 13.50 4.59 3.84 15.50 30.00 19.90 3.47  
 26.50 5.12 33.50 13.50 7.22 3.13 26.50 13.90 19.90 2.13  
 26.50 7.97 33.50 13.50 2.93 3.13 26.50 13.90 19.90 3.47  
 第43代  
 26.50 3.55 22.90 13.50 4.59 3.84 15.50 30.00 19.90 3.47  
 26.50 3.55 22.90 13.50 4.59 3.84 15.50 30.00 19.90 3.47  
 26.50 3.55 22.90 13.50 4.59 3.84 15.50 30.00 19.90 3.47  
 26.50 3.55 22.90 13.50 4.59 3.84 15.50 30.00 19.90 3.47  
 第44代  
 26.50 3.55 22.90 13.50 4.59 3.84 15.50 30.00 19.90 3.47  
 26.50 3.55 22.90 13.50 4.59 3.84 15.50 30.00 19.90 3.47  
 26.50 3.55 22.90 13.50 4.59 3.84 15.50 30.00 19.90 3.47  
 26.50 3.55 22.90 13.50 4.59 3.84 15.50 30.00 19.90 3.47  
 第45代  
 26.50 3.55 33.50 13.50 2.93 2.88 15.50 26.50 16.00 3.47  
 26.50 3.55 22.90 13.50 4.59 3.84 15.50 30.00 19.90 3.47  
 26.50 3.55 22.90 13.50 4.59 3.84 15.50 30.00 19.90 3.47  
 26.50 3.55 22.90 13.50 4.59 3.84 15.50 30.00 19.90 3.47  
 第46代  
 26.50 3.55 33.50 13.50 2.93 2.88 15.50 26.50 16.00 3.47  
 26.50 3.55 33.50 13.50 2.93 2.88 15.50 26.50 16.00 3.47  
 26.50 3.55 22.90 13.50 4.59 3.84 15.50 30.00 19.90 3.47  
 26.50 3.55 22.90 13.50 4.59 3.84 15.50 30.00 19.90 3.47  
 第47代  
 26.50 3.55 22.90 13.50 4.59 3.84 15.50 30.00 19.90 1.62  
 26.50 3.55 33.50 13.50 2.93 2.88 15.50 26.50 16.00 3.47  
 26.50 3.55 33.50 13.50 2.93 2.88 15.50 26.50 16.00 3.47  
 26.50 3.55 33.50 13.50 2.93 2.88 15.50 26.50 16.00 3.47  
 第48代  
 26.50 3.55 22.90 13.50 4.59 3.84 15.50 30.00 19.90 1.62  
 26.50 3.55 22.90 13.50 4.59 3.84 15.50 30.00 19.90 1.62  
 26.50 3.55 33.50 13.50 2.93 2.88 15.50 26.50 16.00 3.47  
 26.50 3.55 33.50 13.50 2.93 2.88 15.50 26.50 16.00 3.47  
 第49代  
 26.50 3.55 22.90 13.50 4.59 3.84 15.50 30.00 19.90 1.62  
 26.50 3.55 22.90 13.50 4.59 3.84 15.50 30.00 19.90 1.62  
 26.50 3.55 22.90 13.50 4.59 3.84 15.50 30.00 19.90 1.62  
 26.50 3.55 22.90 13.50 4.59 3.84 15.50 30.00 19.90 1.62  
 第50代  
 26.50 3.55 22.90 13.50 4.59 3.84 15.50 30.00 19.90 1.62  
 26.50 3.55 22.90 13.50 4.59 3.84 15.50 30.00 19.90 1.62  
 26.50 3.55 22.90 13.50 4.59 3.84 15.50 30.00 19.90 1.62  
 26.50 3.55 22.90 13.50 4.59 3.84 15.50 30.00 19.90 1.62  
 第51代  
 26.50 3.55 22.90 13.50 4.59 3.84 15.50 30.00 19.90 1.62  
 26.50 3.55 22.90 13.50 4.59 3.84 15.50 30.00 19.90 1.62  
 26.50 3.55 22.90 13.50 4.59 3.84 15.50 30.00 19.90 1.62  
 26.50 3.55 22.90 13.50 4.59 3.84 15.50 30.00 19.90 1.62  
 第52代  
 26.50 3.38 33.50 13.50 2.93 2.88 15.50 22.90 16.00 3.47  
 26.50 3.55 22.90 13.50 4.59 3.84 15.50 30.00 19.90 1.62  
 26.50 3.55 22.90 13.50 4.59 3.84 15.50 30.00 19.90 1.62  
 26.50 3.55 22.90 13.50 4.59 3.84 15.50 30.00 19.90 1.62  
 第53代  
 26.50 3.38 33.50 13.50 2.93 2.88 15.50 22.90 16.00 3.47  
 26.50 3.38 33.50 13.50 2.93 2.88 15.50 22.90 16.00 3.47  
 26.50 3.84 22.90 13.50 4.59 3.09 15.50 30.00 19.90 1.62  
 26.50 3.55 22.90 13.50 4.59 3.84 15.50 30.00 19.90 1.62  
 第54代  
 26.50 3.38 33.50 13.50 2.93 2.88 15.50 22.90 16.00 3.47  
 26.50 3.38 33.50 13.50 2.93 2.88 15.50 22.90 16.00 3.47  
 26.50 3.38 33.50 13.50 2.93 2.88 15.50 22.90 16.00 3.47  
 26.50 3.38 33.50 13.50 2.93 2.88 15.50 22.90 16.00 3.47  
 第55代  
 26.50 3.38 33.50 13.50 2.93 2.88 15.50 22.90 16.00 3.47  
 26.50 3.38 33.50 13.50 2.93 2.88 15.50 22.90 16.00 3.47  
 26.50 3.38 33.50 13.50 2.93 2.88 15.50 22.90 16.00 3.47  
 26.50 3.38 33.50 13.50 2.93 2.88 15.50 22.90 16.00 3.47  
 第56代  
 26.50 3.38 33.50 13.50 2.93 2.88 15.50 22.90 16.00 3.47  
 26.50 3.38 33.50 13.50 2.93 2.88 15.50 22.90 16.00 3.47  
 26.50 3.38 33.50 13.50 2.93 2.88 15.50 22.90 16.00 3.47  
 26.50 3.38 33.50 13.50 2.93 2.88 15.50 22.90 16.00 3.47  
 第57代  
 26.50 3.38 22.90 13.50 3.13 2.88 15.50 22.90 22.00 3.47  
 26.50 3.38 33.50 13.50 2.93 2.88 15.50 22.90 16.00 3.47  
 26.50 3.38 33.50 13.50 2.93 2.88 15.50 22.90 16.00 3.47  
 26.50 3.38 33.50 13.50 2.93 2.88 15.50 22.90 16.00 3.47  
 第58代  
 26.50 3.38 22.90 13.50 3.13 2.88 15.50 22.90 22.00 3.47  
 26.50 3.38 22.90 13.50 3.13 2.88 15.50 22.90 22.00 3.47  
 26.50 3.38 33.50 13.50 2.93 2.88 15.50 22.90 16.00 3.47  
 26.50 3.38 33.50 13.50 2.93 2.88 15.50 22.90 16.00 3.47  
 第59代  
 26.50 3.38 22.90 13.50 3.13 2.88 15.50 22.90 22.00 3.47  
 26.50 3.38 22.90 13.50 3.13 2.88 15.50 22.90 22.00 3.47  
 26.50 3.38 22.90 13.50 3.13 2.88 15.50 22.90 22.00 3.47  
 26.50 3.38 22.90 13.50 3.13 2.88 15.50 22.90 22.00 3.47  
 第60代  
 26.50 3.38 22.90 13.50 3.13 2.88 15.50 22.90 22.00 3.47  
 26.50 3.38 22.90 13.50 3.13 2.88 15.50 22.90 22.00 3.47  
 26.50 3.38 22.90 13.50 3.13 2.88 15.50 22.90 22.00 3.47  
 26.50 3.38 22.90 13.50 3.13 2.88 15.50 22.90 22.00 3.47  
 第61代  
 26.50 3.38 22.90 13.50 3.13 2.88 15.50 22.90 22.00 3.47  
 26.50 3.38 22.90 13.50 3.13 2.88 15.50 22.90 22.00 3.47  
 26.50 3.38 22.90 13.50 3.13 2.88 15.50 22.90 22.00 3.47  
 26.50 3.38 22.90 13.50 3.13 2.88 15.50 22.90 22.00 3.47  
 第62代  
 26.50 3.38 22.90 13.50 3.13 2.88 15.50 22.90 22.00 3.47  
 26.50 3.38 22.90 13.50 3.13 2.88 15.50 22.90 22.00 3.47  
 26.50 3.38 22.90 13.50 3.13 2.88 15.50 22.90 22.00 3.47  
 26.50 3.38 22.90 13.50 3.13 2.88 15.50 22.90 22.00 3.47  
 第63代  
 26.50 3.38 22.90 13.50 3.13 2.88 15.50 22.90 22.00 3.47  
 26.50 3.38 22.90 13.50 3.13 2.88 15.50 22.90 22.00 3.47  
 26.50 3.38 22.90 13.50 3.13 2.88 15.50 22.90 22.00 3.47  
 26.50 3.38 22.90 13.50 3.13 2.88 15.50 22.90 22.00 3.47  
 第64代  
 26.50 3.38 22.90 13.50 3.13 2.88 15.50 22.90 22.00 3.47  
 26.50 3.38 22.90 13.50 3.13 2.88 15.50 22.90 22.00 3.47  
 26.50 3.38 22.90 13.50 3.13 2.88 15.50 22.90 22.00 3.47  
 26.50 3.38 22.90 13.50 3.13 2.88 15.50 22.90 22.00 3.47  
 第65代  
 26.50 3.38 22.90 13.50 3.13 2.88 15.50 22.90 22.00 3.47  
 26.50 3.38 22.90 13.50 3.13 2.88 15.50 22.90 22.00 3.47  
 26.50 3.38 22.90 13.50 3.13 2.88 15.50 22.90 22.00 3.47  
 26.50 3.38 22.90 13.50 3.13 2.88 15.50 22.90 22.00 3.47  
 第66代  
 26.50 3.38 22.90 13.50 3.13 2.88 15.50 22.90 22.00 3.47  
 26.50 3.38 22.90 13.50 3.13 2.88 15.50 22.90 22.00 3.47  
 26.50 3.38 22.90 13.50 3.13 2.88 15.50 22.90 22.00 3.47  
 26.50 3.38 22.90 13.50 3.13 2.88 15.50 22.90 22.00 3.47  
 第67代  
 26.50 3.38 22.90 13.50 3.13 2.88 15.50 22.90 22.00 3.47  
 26.50 3.38 22.90 13.50 3.13 2.88 15.50 22.90 22.00 3.47  
 26.50 3.38 22.90 13.50 3.13 2.88 15.50 22.90 22.00 3.47  
 26.50 3.38 22.90 13.50 3.13 2.88 15.50 22.90 22.00 3.47  
 第68代  
 26.50 3.38 22.90 13.50 3.13 2.88 15.50 22.90 22.00 3.47  
 26.50 3.38 22.90 13.50 3.13 2.88 15.50 22.90 22.00 3.47  
 26.50 3.38 22.90 13.50 3.13 2.88 15.50 22.90 22.00 3.47  
 26.50 3.38 22.90 13.50 3.13 2.88 15.50 22.90 22.00 3.47  
 第69代  
 26.50 3.38 22.90 13.50 3.13 2.88 15.50 22.90 22.00 3.47  
 26.50 3.38 22.90 13.50 3.13 2.88 15.50 22.90 22.00 3.47  
 26.50 3.38 22.90 13.50 3.13 2.88 15.50 22.90 22.00 3.47  
 26.50 3.38 22.90 13.50 3.13 2.88 15.50 22.90 22.00 3.47  
 第70代  
 26.50 3.38 22.90 13.50 2.13 2.88 15.50 22.90 22.00 3.47  
 26.50 3.38 22.90 13.50 3.13 2.88 15.50 22.90 22.00 3.47  
 26.50 3.38 22.90 13.50 3.13 2.88 15.50 22.90 22.00 3.47  
 26.50 3.38 22.90 13.50 3.13 2.88 15.50 22.90 22.00 3.47  
 第71代  
 26.50 3.38 22.90 13.50 2.13 2.88 15.50 22.90 22.00 3.47  
 26.50 3.38 22.90 13.50 2.13 2.88 15.50 22.90 22.00 3.47  
 26.50 3.38 22.90 13.50 3.13 2.88 15.50 22.90 22.00 3.47  
 26.50 3.38 22.90 13.50 3.13 2.88 15.50 22.90 22.00 3.47  
 第72代  
 26.50 3.38 22.90 13.50 2.13 2.88 15.50 22.90 22.00 3.47  
 26.50 3.38 22.90 13.50 2.13 2.88 15.50 22.90 22.00 3.47  
 26.50 3.38 22.90 13.50 2.13 2.88 15.50 22.90 22.00 3.47  
 26.50 3.38 22.90 13.50 2.13 2.88 15.50 22.90 22.00 3.47  
 第73代  
 26.50 3.38 22.90 13.50 2.13 2.88 15.50 22.90 22.00 3.47  
 26.50 3.38 22.90 13.50 2.13 2.88 15.50 22.90 22.00 3.47  
 26.50 3.38 22.90 13.50 2.13 2.88 15.50 22.90 22.00 3.47  
 26.50 3.38 22.90 13.50 2.13 2.88 15.50 22.90 22.00 3.47  
 第74代  
 26.50 3.38 22.90 13.50 2.13 2.88 15.50 22.90 22.00 3.47  
 26.50 3.38 22.90 13.50 2.13 2.88 15.50 22.90 22.00 3.47  
 26.50 3.38 22.90 13.50 2.13 2.88 15.50 22.90 22.00 3.47  
 26.50 3.38 22.90 13.50 2.13 2.88 15.50 22.90 22.00 3.47  
 第75代  
 26.50 3.38 22.90 13.50 2.13 2.88 15.50 22.90 22.00 3.47  
 26.50 3.38 22.90 13.50 2.13 2.88 15.50 22.90 22.00 3.47  
 26.50 3.38 22.90 13.50 2.13 2.88 15.50 22.90 22.00 3.47  
 26.50 3.38 22.90 13.50 2.13 2.88 15.50 22.90 22.00 3.47  
 第76代  
 26.50 3.38 22.90 13.50 2.13 2.88 15.50 22.90 22.00 3.47  
 26.50 3.38 22.90 13.50 2.13 2.88 15.50 22.90 22.00 3.47  
 26.50 3.38 22.90 13.50 2.13 2.88 15.50 22.90 22.00 3.47  
 26.50 3.38 22.90 13.50 2.13 2.88 15.50 22.90 22.00 3.47  
 第77代  
 26.50 3.38 22.90 13.50 2.13 2.88 15.50 22.90 22.00 3.47  
 26.50 3.38 22.90 13.50 2.13 2.88 15.50 22.90 22.00 3.47  
 26.50 3.38 22.90 13.50 2.13 2.88 15.50 22.90 22.00 3.47  
 26.50 3.38 22.90 13.50 2.13 2.88 15.50 22.90 22.00 3.47  
 第78代  
 26.50 3.38 22.90 13.50 2.13 2.88 15.50 22.90 22.00 3.47  
 26.50 3.38 22.90 13.50 2.13 2.88 15.50 22.90 22.00 3.47  
 26.50 3.38 22.90 13.50 2.13 2.88 15.50 22.90 22.00 3.47  
 26.50 3.38 22.90 13.50 2.13 2.88 15.50 22.90 22.00 3.47  
 第79代  
 26.50 3.38 22.90 13.50 2.13 2.88 15.50 22.90 22.00 3.47  
 26.50 3.38 22.90 13.50 2.13 2.88 15.50 22.90 22.00 3.47  
 26.50 3.38 22.90 13.50 2.13 2.88 15.50 22.90 22.00 3.47  
 26.50 3.38 22.90 13.50 2.13 2.88 15.50 22.90 22.00 3.47  
 第80代  
 26.50 3.38 22.90 13.50 2.13 2.88 15.50 22.90 22.00 3.47  
 26.50 3.38 22.90 13.50 2.13 2.88 15.50 22.90 22.00 3.47  
 26.50 3.38 22.90 13.50 2.13 2.88 15.50 22.90 22.00 3.47  
 26.50 3.38 22.90 13.50 2.13 2.88 15.50 22.90 22.00 3.47  
 第81代  
 26.50 3.38 22.90 13.50 2.13 2.88 15.50 22.90 22.00 3.47  
 26.50 3.38 22.90 13.50 2.13 2.88 15.50 22.90 22.00 3.47  
 26.50 3.38 22.90 13.50 2.13 2.88 15.50 22.90 22.00 3.47  
 26.50 3.38 22.90 13.50 2.13 2.88 15.50 22.90 22.00 3.47  
 第82代  
 26.50 3.38 22.90 13.50 2.13 2.88 15.50 22.90 22.00 3.47  
 26.50 3.38 22.90 13.50 2.13 2.88 15.50 22.90 22.00 3.47  
 26.50 3.38 22.90 13.50 2.13 2.88 15.50 22.90 22.00 3.47  
 26.50 3.38 22.90 13.50 2.13 2.88 15.50 22.90 22.00 3.47  
 第83代  
 26.50 2.13 22.90 13.50 2.13 3.63 15.50 22.90 22.00 3.47  
 26.50 3.38 22.90 13.50 2.13 2.88 15.50 22.90 22.00 3.47  
 26.50 3.38 22.90 13.50 2.13 2.88 15.50 22.90 22.00 3.47  
 26.50 3.38 22.90 13.50 2.13 2.88 15.50 22.90 22.00 3.47  
 第84代  
 26.50 2.13 22.90 13.50 2.13 3.63 15.50 22.90 22.00 3.47  
 26.50 2.13 22.90 13.50 2.13 3.63 15.50 22.90 22.00 3.47  
 26.50 3.38 22.90 13.50 2.13 2.88 15.50 22.90 22.00 3.47  
 26.50 3.38 22.90 13.50 2.13 2.88 15.50 22.90 22.00 3.47  
 第85代  
 26.50 3.38 22.90 13.50 2.13 1.80 15.50 22.90 22.00 3.47  
 26.50 2.13 22.90 13.50 2.13 3.63 15.50 22.90 22.00 3.47  
 26.50 2.13 22.90 13.50 2.13 3.63 15.50 22.90 22.00 3.47  
 26.50 2.13 22.90 13.50 2.13 3.63 15.50 22.90 22.00 3.47  
 第86代  
 26.50 3.38 22.90 13.50 2.13 1.80 15.50 22.90 22.00 3.47  
 26.50 3.38 22.90 13.50 2.13 1.80 15.50 22.90 22.00 3.47  
 26.50 2.13 22.90 13.50 2.13 3.63 15.50 22.90 22.00 3.47  
 26.50 2.13 22.90 13.50 2.13 3.63 15.50 22.90 22.00 3.47  
 第87代  
 26.50 3.38 22.90 13.50 2.13 1.80 15.50 22.90 22.00 3.47  
 26.50 3.38 22.90 13.50 2.13 1.80 15.50 22.90 22.00 3.47  
 26.50 3.38 22.90 13.50 2.13 1.80 15.50 22.90 22.00 3.47  
 26.50 3.38 22.90 13.50 2.13 1.80 15.50 22.90 22.00 3.47  
 第88代  
 26.50 3.38 22.90 13.50 2.13 1.80 15.50 22.90 22.00 3.47  
 26.50 3.38 22.90 13.50 2.13 1.80 15.50 22.90 22.00 3.47  
 26.50 3.38 22.90 13.50 2.13 1.80 15.50 22.90 22.00 3.47  
 26.50 3.38 22.90 13.50 2.13 1.80 15.50 22.90 22.00 3.47  
 第89代  
 26.50 3.38 22.90 13.50 2.13 1.80 15.50 22.90 22.00 3.47  
 26.50 3.38 22.90 13.50 2.13 1.80 15.50 22.90 22.00 3.47  
 26.50 3.38 22.90 13.50 2.13 1.80 15.50 22.90 22.00 3.47  
 26.50 3.38 22.90 13.50 2.13 1.80 15.50 22.90 22.00 3.47  
 第90代  
 26.50 3.38 22.90 13.50 2.13 1.80 15.50 22.90 22.00 3.47  
 26.50 3.38 22.90 13.50 2.13 1.80 15.50 22.90 22.00 3.47  
 26.50 3.38 22.90 13.50 2.13 1.80 15.50 22.90 22.00 3.47  
 26.50 3.38 22.90 13.50 2.13 1.80 15.50 22.90 22.00 3.47  
 第91代  
 26.50 3.38 22.90 13.50 2.13 1.80 15.50 22.90 22.00 3.47  
 26.50 3.38 22.90 13.50 2.13 1.80 15.50 22.90 22.00 3.47  
 26.50 3.38 22.90 13.50 2.13 1.80 15.50 22.90 22.00 3.47  
 26.50 3.38 22.90 13.50 2.13 1.80 15.50 22.90 22.00 3.47  
 第92代  
 26.50 3.38 22.90 13.50 2.13 1.80 15.50 22.90 22.00 3.47  
 26.50 3.38 22.90 13.50 2.13 1.80 15.50 22.90 22.00 3.47  
 26.50 3.38 22.90 13.50 2.13 1.80 15.50 22.90 22.00 3.47  
 26.50 3.38 22.90 13.50 2.13 1.80 15.50 22.90 22.00 3.47  
 第93代  
 26.50 3.38 22.90 13.50 2.13 1.80 15.50 22.90 22.00 3.47  
 26.50 3.38 22.90 13.50 2.13 1.80 15.50 22.90 22.00 3.47  
 26.50 3.38 22.90 13.50 2.13 1.80 15.50 22.90 22.00 3.47  
 26.50 3.38 22.90 13.50 2.13 1.80 15.50 22.90 22.00 3.47  
 第94代  
 26.50 3.38 22.90 13.50 2.13 1.80 15.50 22.90 22.00 3.47  
 26.50 3.38 22.90 13.50 2.13 1.80 15.50 22.90 22.00 3.47  
 26.50 3.38 22.90 13.50 2.13 1.80 15.50 22.90 22.00 3.47  
 26.50 3.38 22.90 13.50 2.13 1.80 15.50 22.90 22.00 3.47  
 第95代  
 26.50 3.38 22.90 13.50 2.13 1.80 15.50 22.90 22.00 3.47  
 26.50 3.38 22.90 13.50 2.13 1.80 15.50 22.90 22.00 3.47  
 26.50 3.38 22.90 13.50 2.13 1.80 15.50 22.90 22.00 3.47  
 26.50 3.38 22.90 13.50 2.13 1.80 15.50 22.90 22.00 3.47  
 第96代  
 26.50 3.38 22.90 13.50 2.13 1.80 15.50 22.90 22.00 3.47  
 26.50 3.38 22.90 13.50 2.13 1.80 15.50 22.90 22.00 3.47  
 26.50 3.38 22.90 13.50 2.13 1.80 15.50 22.90 22.00 3.47  
 26.50 3.38 22.90 13.50 2.13 1.80 15.50 22.90 22.00 3.47  
 第97代  
 26.50 3.38 22.90 13.50 2.13 1.80 15.50 22.90 22.00 3.47  
 26.50 3.38 22.90 13.50 2.13 1.80 15.50 22.90 22.00 3.47  
 26.50 3.38 22.90 13.50 2.13 1.80 15.50 22.90 22.00 3.47  
 26.50 3.38 22.90 13.50 2.13 1.80 15.50 22.90 22.00 3.47  
 第98代  
 26.50 3.38 22.90 13.50 2.13 1.80 15.50 22.90 22.00 3.47  
 26.50 3.38 22.90 13.50 2.13 1.80 15.50 22.90 22.00 3.47  
 26.50 3.38 22.90 13.50 2.13 1.80 15.50 22.90 22.00 3.47  
 26.50 3.38 22.90 13.50 2.13 1.80 15.50 22.90 22.00 3.47  
 第99代  
 26.50 3.38 22.90 13.50 2.13 1.80 15.50 22.90 22.00 3.47  
 26.50 3.38 22.90 13.50 2.13 1.80 15.50 22.90 22.00 3.47  
 26.50 3.38 22.90 13.50 2.13 1.80 15.50 22.90 22.00 3.47  
 26.50 3.38 22.90 13.50 2.13 1.80 15.50 22.90 22.00 3.47  
 第100代  
 26.50 3.38 22.90 13.50 2.13 1.80 15.50 22.90 22.00 3.47  
 26.50 3.38 22.90 13.50 2.13 1.80 15.50 22.90 22.00 3.47  
 26.50 3.38 22.90 13.50 2.13 1.80 15.50 22.90 22.00 3.47  
 26.50 3.38 22.90 13.50 2.13 1.80 15.50 22.90 22.00 3.47  
 