第1代  
 30 39 42 8 24 18 29 32 6 40  
 27 1 37 29 25 34 34 21 41 7  
 25 32 35 40 38 35 40 18 30 7  
 26 36 35 28 26 24 37 40 2 42  
 第2代  
 34 36 35 26 38 2 40 29 37 42  
 36 13 42 15 24 28 39 32 16 34  
 30 39 42 8 24 18 29 32 6 40  
 27 30 41 38 19 15 39 6 12 33  
 第3代  
 34 36 35 26 38 2 40 29 37 42  
 34 36 35 26 38 2 40 29 37 42  
 30 39 42 8 24 18 39 32 6 40  
 34 24 35 26 38 2 40 29 37 42  
 第4代  
 39 39 42 8 24 18 39 32 6 40  
 30 30 41 34 19 15 39 42 12 40  
 34 36 35 26 38 2 40 29 37 42  
 34 36 35 26 38 2 40 29 37 42  
 第5代  
 34 30 41 34 19 15 39 42 37 42  
 34 36 41 26 38 27 40 29 37 42  
 30 39 42 8 38 18 39 32 35 40  
 39 39 42 8 24 18 39 32 6 40  
 第6代  
 34 30 41 34 19 15 39 42 37 42  
 34 30 41 34 19 15 39 42 37 42  
 34 36 41 26 38 27 40 29 37 42  
 34 36 41 26 38 27 40 29 37 42  
 第7代  
 34 36 41 41 19 27 40 29 37 40  
 34 30 41 34 19 15 39 42 37 42  
 34 30 41 34 19 15 39 42 37 42  
 34 30 41 34 19 15 39 42 37 42  
 第8代  
 35 26 42 30 1 23 40 29 37 40  
 34 36 41 41 19 27 40 29 37 40  
 34 36 41 41 19 27 40 29 37 40  
 41 36 35 31 1 34 40 29 37 42  
 第9代  
 35 26 42 30 1 23 40 29 37 40  
 35 26 42 30 1 23 40 29 37 40  
 34 36 41 41 19 27 40 29 37 40  
 34 36 41 41 19 27 40 29 37 40  
 第10代  
 35 26 42 30 1 23 40 29 37 40  
 35 26 42 30 1 23 40 29 37 40  
 35 26 42 30 1 23 40 29 37 40  
 35 26 42 30 1 23 40 29 37 40  
 第11代  
 35 26 42 30 1 23 40 29 37 40  
 35 26 42 30 1 23 40 29 37 40  
 35 26 42 30 1 23 40 29 37 40  
 35 26 42 30 1 23 40 29 37 40  
 第12代  
 35 26 42 30 1 23 40 29 37 40  
 35 26 42 30 1 23 40 29 37 40  
 35 26 42 30 1 23 40 29 37 40  
 35 26 42 30 1 23 40 29 37 40  
 第13代  
 35 26 42 30 1 23 40 29 37 40  
 35 26 42 30 1 23 40 29 37 40  
 35 26 42 30 1 23 40 29 37 40  
 35 26 42 30 1 23 40 29 37 40  
 第14代  
 35 26 42 30 1 23 40 29 37 40  
 35 26 42 30 1 23 40 29 37 40  
 35 26 42 30 1 23 40 29 37 40  
 35 26 42 30 1 23 40 29 37 40  
 第15代  
 35 26 42 30 1 19 40 31 37 35  
 35 26 42 30 1 23 40 29 37 40  
 35 26 42 30 1 23 40 29 37 40  
 35 26 42 30 1 23 40 29 37 40  
 第16代  
 35 26 42 30 1 19 40 31 37 35  
 35 26 42 30 1 19 40 31 37 35  
 35 26 42 30 1 23 40 29 37 40  
 35 26 42 30 1 23 40 29 37 40  
 第17代  
 35 26 42 30 1 19 40 31 37 35  
 35 26 42 30 1 19 40 31 37 35  
 35 26 42 30 1 19 40 31 37 35  
 35 26 42 30 1 19 40 31 37 35  
 第18代  
 35 26 42 30 1 19 40 31 37 35  
 35 26 42 30 1 19 40 31 37 35  
 35 26 42 30 1 19 40 31 37 35  
 35 26 42 30 1 19 40 31 37 35  
 第19代  
 35 26 42 30 1 19 40 31 37 35  
 35 26 42 30 1 19 40 31 37 35  
 35 26 42 30 1 19 40 31 37 35  
 35 26 42 30 1 19 40 31 37 35  
 第20代  
 35 26 42 30 1 19 40 31 37 35  
 35 26 42 30 1 19 40 31 37 35  
 35 26 42 30 1 19 40 31 37 35  
 35 26 42 30 1 19 40 31 37 35  
 第21代  
 35 26 42 30 1 19 40 31 37 35  
 35 26 42 30 1 19 40 31 37 35  
 35 26 42 30 1 19 40 31 37 35  
 35 26 42 30 1 19 40 31 37 35  
 第22代  
 35 26 42 30 1 19 40 31 37 35  
 35 26 42 30 1 19 40 31 37 35  
 35 26 42 30 1 19 40 31 37 35  
 35 26 42 30 1 19 40 31 37 35  
 第23代  
 35 26 42 30 1 19 40 31 37 35  
 35 26 42 30 1 19 40 31 37 35  
 35 26 42 30 1 19 40 31 37 35  
 35 26 42 30 1 19 40 31 37 35  
 第24代  
 35 26 42 30 1 19 40 31 37 35  
 35 26 42 30 1 19 40 31 37 35  
 35 26 42 30 1 19 40 31 37 35  
 35 26 42 30 1 19 40 31 37 35  
 第25代  
 35 26 42 30 1 19 40 31 37 35  
 35 26 42 30 1 19 40 31 37 35  
 35 26 42 30 1 19 40 31 37 35  
 35 26 42 30 1 19 40 31 37 35  
 第26代  
 35 26 42 30 1 19 40 31 37 35  
 35 26 42 30 1 19 40 31 37 35  
 35 26 42 30 1 19 40 31 37 35  
 35 26 42 30 1 19 40 31 37 35  
 第27代  
 35 28 42 30 1 19 40 31 37 31  
 35 26 42 30 1 19 40 31 37 35  
 35 26 42 30 1 19 40 31 37 35  
 35 26 42 30 1 19 40 31 37 35  
 第28代  
 35 28 42 30 1 19 40 31 37 31  
 35 28 42 30 1 19 40 31 37 31  
 35 26 42 30 1 19 40 31 37 35  
 35 26 42 30 1 19 40 31 37 35  
 第29代  
 35 28 42 30 1 19 40 31 37 31  
 35 28 42 30 1 19 40 31 37 31  
 35 28 42 30 1 19 40 31 37 31  
 35 28 42 30 1 19 40 31 37 31  
 第30代  
 35 28 42 30 1 19 40 31 37 31  
 35 28 42 30 1 19 40 31 37 31  
 35 28 42 30 1 19 40 31 37 31  
 35 28 42 30 1 19 40 31 37 31  
 第31代  
 35 28 42 30 1 19 40 31 37 31  
 35 28 42 30 1 19 40 31 37 31  
 35 28 42 30 1 19 40 31 37 31  
 35 28 42 30 1 19 40 31 37 31  
 第32代  
 35 28 42 30 1 19 40 31 37 31  
 35 28 42 30 1 19 40 31 37 31  
 35 28 42 30 1 19 40 31 37 31  
 35 28 42 30 1 19 40 31 37 31  
 第33代  
 35 28 42 30 1 27 40 31 37 29  
 35 28 42 30 1 19 40 31 37 31  
 35 28 42 30 1 19 40 31 37 31  
 35 28 42 30 1 19 40 31 37 31  
 第34代  
 35 28 42 30 1 27 40 31 37 29  
 35 28 42 30 1 27 40 31 37 29  
 35 28 42 30 1 19 40 31 37 31  
 35 28 42 30 1 19 40 31 37 31  
 第35代  
 35 28 42 30 1 27 40 31 37 29  
 35 28 42 30 1 27 40 31 37 29  
 35 28 42 30 1 27 40 31 37 29  
 35 28 42 30 1 27 40 31 37 29  
 第36代  
 35 28 42 30 1 27 40 31 37 29  
 35 28 42 30 1 27 40 31 37 29  
 35 28 42 30 1 27 40 31 37 29  
 35 28 42 30 1 27 40 31 37 29  
 第37代  
 40 28 42 30 9 11 40 31 37 13  
 35 28 42 30 1 27 40 31 37 29  
 35 28 42 30 1 27 40 31 37 29  
 35 28 42 30 1 27 40 31 37 29  
 第38代  
 40 28 42 30 9 11 40 31 37 13  
 40 28 42 30 9 11 40 31 37 13  
 35 28 42 30 1 27 40 31 37 29  
 35 28 42 30 1 27 40 31 37 29  
 第39代  
 40 28 42 30 9 11 40 31 37 13  
 40 28 42 30 9 11 40 31 37 13  
 40 28 42 30 9 11 40 31 37 13  
 40 28 42 30 9 11 40 31 37 13  
 第40代  
 40 28 42 30 9 11 40 31 37 13  
 40 28 42 30 9 11 40 31 37 13  
 40 28 42 30 9 11 40 31 37 13  
 40 28 42 30 9 11 40 31 37 13  
 第41代  
 40 14 39 30 22 16 33 41 37 13  
 40 28 42 30 9 11 40 31 37 13  
 40 28 42 30 9 11 40 31 37 13  
 40 28 42 30 9 11 40 31 37 13  
 第42代  
 40 14 39 30 22 16 33 41 37 13  
 40 14 39 30 22 16 33 41 37 13  
 40 25 42 30 27 11 40 31 37 4  
 40 28 42 30 9 11 40 31 37 13  
 第43代  
 40 14 39 30 22 16 33 41 37 13  
 40 14 39 30 22 16 33 41 37 13  
 40 14 39 30 22 16 33 41 37 13  
 40 14 39 30 22 16 33 41 37 13  
 第44代  
 40 14 39 30 22 16 33 41 37 13  
 40 14 39 30 22 16 33 41 37 13  
 40 14 39 30 22 16 33 41 37 13  
 40 14 39 30 22 16 33 41 37 13  
 第45代  
 40 14 42 30 9 8 33 40 34 13  
 40 14 39 30 22 16 33 41 37 13  
 40 14 39 30 22 16 33 41 37 13  
 40 14 39 30 22 16 33 41 37 13  
 第46代  
 40 14 42 30 9 8 33 40 34 13  
 40 14 42 30 9 8 33 40 34 13  
 40 14 39 30 22 16 33 41 37 13  
 40 14 39 30 22 16 33 41 37 13  
 第47代  
 40 14 39 30 22 16 33 41 37 1  
 40 14 42 30 9 8 33 40 34 13  
 40 14 42 30 9 8 33 40 34 13  
 40 14 42 30 9 8 33 40 34 13  
 第48代  
 40 14 39 30 22 16 33 41 37 1  
 40 14 39 30 22 16 33 41 37 1  
 40 14 42 30 9 8 33 40 34 13  
 40 14 42 30 9 8 33 40 34 13  
 第49代  
 40 14 39 30 22 16 33 41 37 1  
 40 14 39 30 22 16 33 41 37 1  
 40 14 39 30 22 16 33 41 37 1  
 40 14 39 30 22 16 33 41 37 1  
 第50代  
 40 14 39 30 22 16 33 41 37 1  
 40 14 39 30 22 16 33 41 37 1  
 40 14 39 30 22 16 33 41 37 1  
 40 14 39 30 22 16 33 41 37 1  
 第51代  
 40 14 39 30 22 16 33 41 37 1  
 40 14 39 30 22 16 33 41 37 1  
 40 14 39 30 22 16 33 41 37 1  
 40 14 39 30 22 16 33 41 37 1  
 第52代  
 40 12 42 30 9 8 33 39 34 13  
 40 14 39 30 22 16 33 41 37 1  
 40 14 39 30 22 16 33 41 37 1  
 40 14 39 30 22 16 33 41 37 1  
 第53代  
 40 12 42 30 9 8 33 39 34 13  
 40 12 42 30 9 8 33 39 34 13  
 40 16 39 30 22 10 33 41 37 1  
 40 14 39 30 22 16 33 41 37 1  
 第54代  
 40 12 42 30 9 8 33 39 34 13  
 40 12 42 30 9 8 33 39 34 13  
 40 12 42 30 9 8 33 39 34 13  
 40 12 42 30 9 8 33 39 34 13  
 第55代  
 40 12 42 30 9 8 33 39 34 13  
 40 12 42 30 9 8 33 39 34 13  
 40 12 42 30 9 8 33 39 34 13  
 40 12 42 30 9 8 33 39 34 13  
 第56代  
 40 12 42 30 9 8 33 39 34 13  
 40 12 42 30 9 8 33 39 34 13  
 40 12 42 30 9 8 33 39 34 13  
 40 12 42 30 9 8 33 39 34 13  
 第57代  
 40 12 39 30 11 8 33 39 38 13  
 40 12 42 30 9 8 33 39 34 13  
 40 12 42 30 9 8 33 39 34 13  
 40 12 42 30 9 8 33 39 34 13  
 第58代  
 40 12 39 30 11 8 33 39 38 13  
 40 12 39 30 11 8 33 39 38 13  
 40 12 42 30 9 8 33 39 34 13  
 40 12 42 30 9 8 33 39 34 13  
 第59代  
 40 12 39 30 11 8 33 39 38 13  
 40 12 39 30 11 8 33 39 38 13  
 40 12 39 30 11 8 33 39 38 13  
 40 12 39 30 11 8 33 39 38 13  
 第60代  
 40 12 39 30 11 8 33 39 38 13  
 40 12 39 30 11 8 33 39 38 13  
 40 12 39 30 11 8 33 39 38 13  
 40 12 39 30 11 8 33 39 38 13  
 第61代  
 40 12 39 30 11 8 33 39 38 13  
 40 12 39 30 11 8 33 39 38 13  
 40 12 39 30 11 8 33 39 38 13  
 40 12 39 30 11 8 33 39 38 13  
 第62代  
 40 12 39 30 11 8 33 39 38 13  
 40 12 39 30 11 8 33 39 38 13  
 40 12 39 30 11 8 33 39 38 13  
 40 12 39 30 11 8 33 39 38 13  
 第63代  
 40 12 39 30 11 8 33 39 38 13  
 40 12 39 30 11 8 33 39 38 13  
 40 12 39 30 11 8 33 39 38 13  
 40 12 39 30 11 8 33 39 38 13  
 第64代  
 40 12 39 30 11 8 33 39 38 13  
 40 12 39 30 11 8 33 39 38 13  
 40 12 39 30 11 8 33 39 38 13  
 40 12 39 30 11 8 33 39 38 13  
 第65代  
 40 12 39 30 11 8 33 39 38 13  
 40 12 39 30 11 8 33 39 38 13  
 40 12 39 30 11 8 33 39 38 13  
 40 12 39 30 11 8 33 39 38 13  
 第66代  
 40 12 39 30 11 8 33 39 38 13  
 40 12 39 30 11 8 33 39 38 13  
 40 12 39 30 11 8 33 39 38 13  
 40 12 39 30 11 8 33 39 38 13  
 第67代  
 40 12 39 30 11 8 33 39 38 13  
 40 12 39 30 11 8 33 39 38 13  
 40 12 39 30 11 8 33 39 38 13  
 40 12 39 30 11 8 33 39 38 13  
 第68代  
 40 12 39 30 11 8 33 39 38 13  
 40 12 39 30 11 8 33 39 38 13  
 40 12 39 30 11 8 33 39 38 13  
 40 12 39 30 11 8 33 39 38 13  
 第69代  
 40 12 39 30 11 8 33 39 38 13  
 40 12 39 30 11 8 33 39 38 13  
 40 12 39 30 11 8 33 39 38 13  
 40 12 39 30 11 8 33 39 38 13  
 第70代  
 40 12 39 30 4 8 33 39 38 13  
 40 12 39 30 11 8 33 39 38 13  
 40 12 39 30 11 8 33 39 38 13  
 40 12 39 30 11 8 33 39 38 13  
 第71代  
 40 12 39 30 4 8 33 39 38 13  
 40 12 39 30 4 8 33 39 38 13  
 40 12 39 30 11 8 33 39 38 13  
 40 12 39 30 11 8 33 39 38 13  
 第72代  
 40 12 39 30 4 8 33 39 38 13  
 40 12 39 30 4 8 33 39 38 13  
 40 12 39 30 4 8 33 39 38 13  
 40 12 39 30 4 8 33 39 38 13  
 第73代  
 40 12 39 30 4 8 33 39 38 13  
 40 12 39 30 4 8 33 39 38 13  
 40 12 39 30 4 8 33 39 38 13  
 40 12 39 30 4 8 33 39 38 13  
 第74代  
 40 12 39 30 4 8 33 39 38 13  
 40 12 39 30 4 8 33 39 38 13  
 40 12 39 30 4 8 33 39 38 13  
 40 12 39 30 4 8 33 39 38 13  
 第75代  
 40 12 39 30 4 8 33 39 38 13  
 40 12 39 30 4 8 33 39 38 13  
 40 12 39 30 4 8 33 39 38 13  
 40 12 39 30 4 8 33 39 38 13  
 第76代  
 40 12 39 30 4 8 33 39 38 13  
 40 12 39 30 4 8 33 39 38 13  
 40 12 39 30 4 8 33 39 38 13  
 40 12 39 30 4 8 33 39 38 13  
 第77代  
 40 12 39 30 4 8 33 39 38 13  
 40 12 39 30 4 8 33 39 38 13  
 40 12 39 30 4 8 33 39 38 13  
 40 12 39 30 4 8 33 39 38 13  
 第78代  
 40 12 39 30 4 8 33 39 38 13  
 40 12 39 30 4 8 33 39 38 13  
 40 12 39 30 4 8 33 39 38 13  
 40 12 39 30 4 8 33 39 38 13  
 第79代  
 40 12 39 30 4 8 33 39 38 13  
 40 12 39 30 4 8 33 39 38 13  
 40 12 39 30 4 8 33 39 38 13  
 40 12 39 30 4 8 33 39 38 13  
 第80代  
 40 12 39 30 4 8 33 39 38 13  
 40 12 39 30 4 8 33 39 38 13  
 40 12 39 30 4 8 33 39 38 13  
 40 12 39 30 4 8 33 39 38 13  
 第81代  
 40 12 39 30 4 8 33 39 38 13  
 40 12 39 30 4 8 33 39 38 13  
 40 12 39 30 4 8 33 39 38 13  
 40 12 39 30 4 8 33 39 38 13  
 第82代  
 40 12 39 30 4 8 33 39 38 13  
 40 12 39 30 4 8 33 39 38 13  
 40 12 39 30 4 8 33 39 38 13  
 40 12 39 30 4 8 33 39 38 13  
 第83代  
 40 4 39 30 4 15 33 39 38 13  
 40 12 39 30 4 8 33 39 38 13  
 40 12 39 30 4 8 33 39 38 13  
 40 12 39 30 4 8 33 39 38 13  
 第84代  
 40 4 39 30 4 15 33 39 38 13  
 40 4 39 30 4 15 33 39 38 13  
 40 12 39 30 4 8 33 39 38 13  
 40 12 39 30 4 8 33 39 38 13  
 第85代  
 40 12 39 30 4 2 33 39 38 13  
 40 4 39 30 4 15 33 39 38 13  
 40 4 39 30 4 15 33 39 38 13  
 40 4 39 30 4 15 33 39 38 13  
 第86代  
 40 12 39 30 4 2 33 39 38 13  
 40 12 39 30 4 2 33 39 38 13  
 40 4 39 30 4 15 33 39 38 13  
 40 4 39 30 4 15 33 39 38 13  
 第87代  
 40 12 39 30 4 2 33 39 38 13  
 40 12 39 30 4 2 33 39 38 13  
 40 12 39 30 4 2 33 39 38 13  
 40 12 39 30 4 2 33 39 38 13  
 第88代  
 40 12 39 30 4 2 33 39 38 13  
 40 12 39 30 4 2 33 39 38 13  
 40 12 39 30 4 2 33 39 38 13  
 40 12 39 30 4 2 33 39 38 13  
 第89代  
 40 12 39 30 4 2 33 39 38 13  
 40 12 39 30 4 2 33 39 38 13  
 40 12 39 30 4 2 33 39 38 13  
 40 12 39 30 4 2 33 39 38 13  
 第90代  
 40 12 39 30 4 2 33 39 38 13  
 40 12 39 30 4 2 33 39 38 13  
 40 12 39 30 4 2 33 39 38 13  
 40 12 39 30 4 2 33 39 38 13  
 第91代  
 40 12 39 30 4 2 33 39 38 13  
 40 12 39 30 4 2 33 39 38 13  
 40 12 39 30 4 2 33 39 38 13  
 40 12 39 30 4 2 33 39 38 13  
 第92代  
 40 12 39 30 4 2 33 39 38 13  
 40 12 39 30 4 2 33 39 38 13  
 40 12 39 30 4 2 33 39 38 13  
 40 12 39 30 4 2 33 39 38 13  
 第93代  
 40 12 39 30 4 2 33 39 38 13  
 40 12 39 30 4 2 33 39 38 13  
 40 12 39 30 4 2 33 39 38 13  
 40 12 39 30 4 2 33 39 38 13  
 第94代  
 40 12 39 30 4 2 33 39 38 13  
 40 12 39 30 4 2 33 39 38 13  
 40 12 39 30 4 2 33 39 38 13  
 40 12 39 30 4 2 33 39 38 13  
 第95代  
 40 12 39 30 4 2 33 39 38 13  
 40 12 39 30 4 2 33 39 38 13  
 40 12 39 30 4 2 33 39 38 13  
 40 12 39 30 4 2 33 39 38 13  
 第96代  
 40 12 39 30 4 2 33 39 38 13  
 40 12 39 30 4 2 33 39 38 13  
 40 12 39 30 4 2 33 39 38 13  
 40 12 39 30 4 2 33 39 38 13  
 第97代  
 40 12 39 30 4 2 33 39 38 13  
 40 12 39 30 4 2 33 39 38 13  
 40 12 39 30 4 2 33 39 38 13  
 40 12 39 30 4 2 33 39 38 13  
 第98代  
 40 12 39 30 4 2 33 39 38 13  
 40 12 39 30 4 2 33 39 38 13  
 40 12 39 30 4 2 33 39 38 13  
 40 12 39 30 4 2 33 39 38 13  
 第99代  
 40 12 39 30 4 2 33 39 38 13  
 40 12 39 30 4 2 33 39 38 13  
 40 12 39 30 4 2 33 39 38 13  
 40 12 39 30 4 2 33 39 38 13  
 第100代  
 40 12 39 30 4 2 33 39 38 13  
 40 12 39 30 4 2 33 39 38 13  
 40 12 39 30 4 2 33 39 38 13  
 40 12 39 30 4 2 33 39 38 13  
 