第1代  
 0 () || 12.9622 3.1679 -6.7167 -9.5330 9.5642 18.6971 15.3732 -7.4684 14.8196 -3.8715  
 0 () || 20.0691 8.3642 -12.8191 -7.5174 -8.1154 0.8469 13.7091 -14.1418 4.0753 -7.2862  
 0 () || 23.5302 1.3325 -16.5399 -3.0596 -2.7547 1.1196 9.5806 -7.4628 8.4935 -10.1746  
 1 (1) |1.04| 25.9402 4.2985 -14.8582 -2.4074 5.1758 16.2601 10.7383 -2.6094 15.0750 -3.4115  
 第2代  
 0 () || 10.5749 1.6656 -13.6569 -11.9663 0.0233 17.3962 6.9804 -8.5097 4.8813 -1.3219  
 0 () || 8.4974 17.4639 -7.1716 -10.8540 4.0949 7.6035 8.6612 -5.9508 14.5105 -5.3563  
 0 () || 12.9622 3.1679 -6.7167 -9.5330 9.5642 18.6971 15.3732 -7.4684 14.8196 -3.8715  
 0 () || 16.3538 4.8303 -9.3975 -1.5814 -3.9990 17.9640 11.2350 -9.7563 14.5566 -5.9497  
 第3代  
 0 () || 10.5749 1.6656 -13.6569 -11.9663 0.0233 17.3962 6.9804 -8.5097 4.8813 -1.3219  
 0 () || 10.5749 1.6656 -13.6569 -11.9663 0.0233 17.3962 6.9804 -8.5097 4.8813 -1.3219  
 0 () || 11.0972 3.2765 -7.4683 -8.6691 4.9991 19.3384 9.2750 -4.9610 13.4767 -4.0042  
 0 () || 10.5961 5.5227 -13.6369 -12.6398 -0.1371 15.2487 6.9624 -8.5513 5.1560 -1.1587  
 第4代  
 0 () || 6.8865 3.2425 -7.2328 -8.9398 6.4292 19.1375 8.7879 -5.7465 13.8974 -3.9627  
 0 () || 12.2828 4.5568 -7.8061 -2.4052 6.5393 16.9467 8.2866 -2.7785 16.1017 -3.2829  
 0 () || 10.5749 1.6656 -13.6569 -11.9663 0.0233 17.3962 6.9804 -8.5097 4.8813 -1.3219  
 0 () || 10.5749 1.6656 -13.6569 -11.9663 0.0233 17.3962 6.9804 -8.5097 4.8813 -1.3219  
 第5代  
 0 () || 11.5187 2.0436 -7.1900 -4.5257 2.8442 7.6003 7.1452 -3.5587 5.1459 -1.1647  
 0 () || 9.6969 2.8077 -8.1617 -8.2255 0.3607 7.3110 7.7301 -6.7821 3.3553 -2.2284  
 0 () || 11.8471 2.4031 -7.1661 -15.6142 0.6803 14.1833 8.6498 -5.9692 3.7631 -2.9368  
 0 () || 6.8865 3.2425 -7.2328 -8.9398 6.4292 19.1375 8.7879 -5.7465 13.8974 -3.9627  
 第6代  
 0 () || 11.5187 2.0436 -7.1900 -4.5257 2.8442 7.6003 7.1452 -3.5587 5.1459 -1.1647  
 0 () || 11.5187 2.0436 -7.1900 -4.5257 2.8442 7.6003 7.1452 -3.5587 5.1459 -1.1647  
 0 () || 9.6969 2.8077 -8.1617 -8.2255 0.3607 7.3110 7.7301 -6.7821 3.3553 -2.2284  
 0 () || 9.6969 2.8077 -8.1617 -8.2255 0.3607 7.3110 7.7301 -6.7821 3.3553 -2.2284  
 第7代  
 0 () || 9.8620 2.0620 -8.0736 -2.0412 -0.8239 5.3691 7.5892 -7.1069 4.3517 -2.0687  
 0 () || 11.5187 2.0436 -7.1900 -4.5257 2.8442 7.6003 7.1452 -3.5587 5.1459 -1.1647  
 0 () || 11.5187 2.0436 -7.1900 -4.5257 2.8442 7.6003 7.1452 -3.5587 5.1459 -1.1647  
 0 () || 11.5187 2.0436 -7.1900 -4.5257 2.8442 7.6003 7.1452 -3.5587 5.1459 -1.1647  
 第8代  
 0 () || 9.5413 5.9981 -7.1269 -4.8571 -2.6687 7.1727 7.4047 -7.5319 4.6599 -1.8374  
 0 () || 9.8620 2.0620 -8.0736 -2.0412 -0.8239 5.3691 7.5892 -7.1069 4.3517 -2.0687  
 0 () || 9.8620 2.0620 -8.0736 -2.0412 -0.8239 5.3691 7.5892 -7.1069 4.3517 -2.0687  
 0 () || 5.6295 2.0944 -13.6755 -4.3615 5.0984 2.4610 6.9972 -8.4710 4.3084 -1.6622  
 第9代  
 0 () || 9.5413 5.9981 -7.1269 -4.8571 -2.6687 7.1727 7.4047 -7.5319 4.6599 -1.8374  
 0 () || 9.5413 5.9981 -7.1269 -4.8571 -2.6687 7.1727 7.4047 -7.5319 4.6599 -1.8374  
 0 () || 9.8620 2.0620 -8.0736 -2.0412 -0.8239 5.3691 7.5892 -7.1069 4.3517 -2.0687  
 0 () || 9.8620 2.0620 -8.0736 -2.0412 -0.8239 5.3691 7.5892 -7.1069 4.3517 -2.0687  
 第10代  
 0 () || 9.5413 5.9981 -7.1269 -4.8571 -2.6687 7.1727 7.4047 -7.5319 4.6599 -1.8374  
 0 () || 9.5413 5.9981 -7.1269 -4.8571 -2.6687 7.1727 7.4047 -7.5319 4.6599 -1.8374  
 0 () || 9.5413 5.9981 -7.1269 -4.8571 -2.6687 7.1727 7.4047 -7.5319 4.6599 -1.8374  
 0 () || 9.5413 5.9981 -7.1269 -4.8571 -2.6687 7.1727 7.4047 -7.5319 4.6599 -1.8374  
 第11代  
 0 () || 9.5413 5.9981 -7.1269 -4.8571 -2.6687 7.1727 7.4047 -7.5319 4.6599 -1.8374  
 0 () || 9.5413 5.9981 -7.1269 -4.8571 -2.6687 7.1727 7.4047 -7.5319 4.6599 -1.8374  
 0 () || 9.5413 5.9981 -7.1269 -4.8571 -2.6687 7.1727 7.4047 -7.5319 4.6599 -1.8374  
 0 () || 9.5413 5.9981 -7.1269 -4.8571 -2.6687 7.1727 7.4047 -7.5319 4.6599 -1.8374  
 第12代  
 0 () || 9.5413 5.9981 -7.1269 -4.8571 -2.6687 7.1727 7.4047 -7.5319 4.6599 -1.8374  
 0 () || 9.5413 5.9981 -7.1269 -4.8571 -2.6687 7.1727 7.4047 -7.5319 4.6599 -1.8374  
 0 () || 9.5413 5.9981 -7.1269 -4.8571 -2.6687 7.1727 7.4047 -7.5319 4.6599 -1.8374  
 0 () || 9.5413 5.9981 -7.1269 -4.8571 -2.6687 7.1727 7.4047 -7.5319 4.6599 -1.8374  
 第13代  
 0 () || 9.5413 5.9981 -7.1269 -4.8571 -2.6687 7.1727 7.4047 -7.5319 4.6599 -1.8374  
 0 () || 9.5413 5.9981 -7.1269 -4.8571 -2.6687 7.1727 7.4047 -7.5319 4.6599 -1.8374  
 0 () || 9.5413 5.9981 -7.1269 -4.8571 -2.6687 7.1727 7.4047 -7.5319 4.6599 -1.8374  
 0 () || 9.5413 5.9981 -7.1269 -4.8571 -2.6687 7.1727 7.4047 -7.5319 4.6599 -1.8374  
 第14代  
 0 () || 9.5413 5.9981 -7.1269 -4.8571 -2.6687 7.1727 7.4047 -7.5319 4.6599 -1.8374  
 0 () || 9.5413 5.9981 -7.1269 -4.8571 -2.6687 7.1727 7.4047 -7.5319 4.6599 -1.8374  
 0 () || 9.5413 5.9981 -7.1269 -4.8571 -2.6687 7.1727 7.4047 -7.5319 4.6599 -1.8374  
 0 () || 9.5413 5.9981 -7.1269 -4.8571 -2.6687 7.1727 7.4047 -7.5319 4.6599 -1.8374  
 第15代  
 0 () || 9.8562 5.2052 -6.9681 -5.1942 -2.1927 7.1478 7.1207 -6.7730 4.9833 -2.5002  
 0 () || 9.5413 5.9981 -7.1269 -4.8571 -2.6687 7.1727 7.4047 -7.5319 4.6599 -1.8374  
 0 () || 9.5413 5.9981 -7.1269 -4.8571 -2.6687 7.1727 7.4047 -7.5319 4.6599 -1.8374  
 0 () || 9.5413 5.9981 -7.1269 -4.8571 -2.6687 7.1727 7.4047 -7.5319 4.6599 -1.8374  
 第16代  
 0 () || 9.8562 5.2052 -6.9681 -5.1942 -2.1927 7.1478 7.1207 -6.7730 4.9833 -2.5002  
 0 () || 9.8562 5.2052 -6.9681 -5.1942 -2.1927 7.1478 7.1207 -6.7730 4.9833 -2.5002  
 0 () || 9.5413 5.9981 -7.1269 -4.8571 -2.6687 7.1727 7.4047 -7.5319 4.6599 -1.8374  
 0 () || 9.5413 5.9981 -7.1269 -4.8571 -2.6687 7.1727 7.4047 -7.5319 4.6599 -1.8374  
 第17代  
 0 () || 9.8562 5.2052 -6.9681 -5.1942 -2.1927 7.1478 7.1207 -6.7730 4.9833 -2.5002  
 0 () || 9.8562 5.2052 -6.9681 -5.1942 -2.1927 7.1478 7.1207 -6.7730 4.9833 -2.5002  
 0 () || 9.8562 5.2052 -6.9681 -5.1942 -2.1927 7.1478 7.1207 -6.7730 4.9833 -2.5002  
 0 () || 9.8562 5.2052 -6.9681 -5.1942 -2.1927 7.1478 7.1207 -6.7730 4.9833 -2.5002  
 第18代  
 0 () || 9.8562 5.2052 -6.9681 -5.1942 -2.1927 7.1478 7.1207 -6.7730 4.9833 -2.5002  
 0 () || 9.8562 5.2052 -6.9681 -5.1942 -2.1927 7.1478 7.1207 -6.7730 4.9833 -2.5002  
 0 () || 9.8562 5.2052 -6.9681 -5.1942 -2.1927 7.1478 7.1207 -6.7730 4.9833 -2.5002  
 0 () || 9.8562 5.2052 -6.9681 -5.1942 -2.1927 7.1478 7.1207 -6.7730 4.9833 -2.5002  
 第19代  
 0 () || 9.8562 5.2052 -6.9681 -5.1942 -2.1927 7.1478 7.1207 -6.7730 4.9833 -2.5002  
 0 () || 9.8562 5.2052 -6.9681 -5.1942 -2.1927 7.1478 7.1207 -6.7730 4.9833 -2.5002  
 0 () || 9.8562 5.2052 -6.9681 -5.1942 -2.1927 7.1478 7.1207 -6.7730 4.9833 -2.5002  
 0 () || 9.8562 5.2052 -6.9681 -5.1942 -2.1927 7.1478 7.1207 -6.7730 4.9833 -2.5002  
 第20代  
 0 () || 9.8562 5.2052 -6.9681 -5.1942 -2.1927 7.1478 7.1207 -6.7730 4.9833 -2.5002  
 0 () || 9.8562 5.2052 -6.9681 -5.1942 -2.1927 7.1478 7.1207 -6.7730 4.9833 -2.5002  
 0 () || 9.8562 5.2052 -6.9681 -5.1942 -2.1927 7.1478 7.1207 -6.7730 4.9833 -2.5002  
 0 () || 9.8562 5.2052 -6.9681 -5.1942 -2.1927 7.1478 7.1207 -6.7730 4.9833 -2.5002  
 第21代  
 0 () || 9.8562 5.2052 -6.9681 -5.1942 -2.1927 7.1478 7.1207 -6.7730 4.9833 -2.5002  
 0 () || 9.8562 5.2052 -6.9681 -5.1942 -2.1927 7.1478 7.1207 -6.7730 4.9833 -2.5002  
 0 () || 9.8562 5.2052 -6.9681 -5.1942 -2.1927 7.1478 7.1207 -6.7730 4.9833 -2.5002  
 0 () || 9.8562 5.2052 -6.9681 -5.1942 -2.1927 7.1478 7.1207 -6.7730 4.9833 -2.5002  
 第22代  
 0 () || 9.8562 5.2052 -6.9681 -5.1942 -2.1927 7.1478 7.1207 -6.7730 4.9833 -2.5002  
 0 () || 9.8562 5.2052 -6.9681 -5.1942 -2.1927 7.1478 7.1207 -6.7730 4.9833 -2.5002  
 0 () || 9.8562 5.2052 -6.9681 -5.1942 -2.1927 7.1478 7.1207 -6.7730 4.9833 -2.5002  
 0 () || 9.8562 5.2052 -6.9681 -5.1942 -2.1927 7.1478 7.1207 -6.7730 4.9833 -2.5002  
 第23代  
 0 () || 9.8562 5.2052 -6.9681 -5.1942 -2.1927 7.1478 7.1207 -6.7730 4.9833 -2.5002  
 0 () || 9.8562 5.2052 -6.9681 -5.1942 -2.1927 7.1478 7.1207 -6.7730 4.9833 -2.5002  
 0 () || 9.8562 5.2052 -6.9681 -5.1942 -2.1927 7.1478 7.1207 -6.7730 4.9833 -2.5002  
 0 () || 9.8562 5.2052 -6.9681 -5.1942 -2.1927 7.1478 7.1207 -6.7730 4.9833 -2.5002  
 第24代  
 0 () || 9.8562 5.2052 -6.9681 -5.1942 -2.1927 7.1478 7.1207 -6.7730 4.9833 -2.5002  
 0 () || 9.8562 5.2052 -6.9681 -5.1942 -2.1927 7.1478 7.1207 -6.7730 4.9833 -2.5002  
 0 () || 9.8562 5.2052 -6.9681 -5.1942 -2.1927 7.1478 7.1207 -6.7730 4.9833 -2.5002  
 0 () || 9.8562 5.2052 -6.9681 -5.1942 -2.1927 7.1478 7.1207 -6.7730 4.9833 -2.5002  
 第25代  
 0 () || 9.8562 5.2052 -6.9681 -5.1942 -2.1927 7.1478 7.1207 -6.7730 4.9833 -2.5002  
 0 () || 9.8562 5.2052 -6.9681 -5.1942 -2.1927 7.1478 7.1207 -6.7730 4.9833 -2.5002  
 0 () || 9.8562 5.2052 -6.9681 -5.1942 -2.1927 7.1478 7.1207 -6.7730 4.9833 -2.5002  
 0 () || 9.8562 5.2052 -6.9681 -5.1942 -2.1927 7.1478 7.1207 -6.7730 4.9833 -2.5002  
 第26代  
 0 () || 9.8562 5.2052 -6.9681 -5.1942 -2.1927 7.1478 7.1207 -6.7730 4.9833 -2.5002  
 0 () || 9.8562 5.2052 -6.9681 -5.1942 -2.1927 7.1478 7.1207 -6.7730 4.9833 -2.5002  
 0 () || 9.8562 5.2052 -6.9681 -5.1942 -2.1927 7.1478 7.1207 -6.7730 4.9833 -2.5002  
 0 () || 9.8562 5.2052 -6.9681 -5.1942 -2.1927 7.1478 7.1207 -6.7730 4.9833 -2.5002  
 第27代  
 0 () || 9.8430 3.7949 -6.9747 -5.1670 -2.1036 7.2357 7.1326 -6.7503 4.9572 -3.0772  
 0 () || 9.8562 5.2052 -6.9681 -5.1942 -2.1927 7.1478 7.1207 -6.7730 4.9833 -2.5002  
 0 () || 9.8562 5.2052 -6.9681 -5.1942 -2.1927 7.1478 7.1207 -6.7730 4.9833 -2.5002  
 0 () || 9.8562 5.2052 -6.9681 -5.1942 -2.1927 7.1478 7.1207 -6.7730 4.9833 -2.5002  
 第28代  
 0 () || 9.8430 3.7949 -6.9747 -5.1670 -2.1036 7.2357 7.1326 -6.7503 4.9572 -3.0772  
 0 () || 9.8430 3.7949 -6.9747 -5.1670 -2.1036 7.2357 7.1326 -6.7503 4.9572 -3.0772  
 0 () || 9.8562 5.2052 -6.9681 -5.1942 -2.1927 7.1478 7.1207 -6.7730 4.9833 -2.5002  
 0 () || 9.8562 5.2052 -6.9681 -5.1942 -2.1927 7.1478 7.1207 -6.7730 4.9833 -2.5002  
 第29代  
 0 () || 9.8430 3.7949 -6.9747 -5.1670 -2.1036 7.2357 7.1326 -6.7503 4.9572 -3.0772  
 0 () || 9.8430 3.7949 -6.9747 -5.1670 -2.1036 7.2357 7.1326 -6.7503 4.9572 -3.0772  
 0 () || 9.8430 3.7949 -6.9747 -5.1670 -2.1036 7.2357 7.1326 -6.7503 4.9572 -3.0772  
 0 () || 9.8430 3.7949 -6.9747 -5.1670 -2.1036 7.2357 7.1326 -6.7503 4.9572 -3.0772  
 第30代  
 0 () || 9.8430 3.7949 -6.9747 -5.1670 -2.1036 7.2357 7.1326 -6.7503 4.9572 -3.0772  
 0 () || 9.8430 3.7949 -6.9747 -5.1670 -2.1036 7.2357 7.1326 -6.7503 4.9572 -3.0772  
 0 () || 9.8430 3.7949 -6.9747 -5.1670 -2.1036 7.2357 7.1326 -6.7503 4.9572 -3.0772  
 0 () || 9.8430 3.7949 -6.9747 -5.1670 -2.1036 7.2357 7.1326 -6.7503 4.9572 -3.0772  
 第31代  
 0 () || 9.8430 3.7949 -6.9747 -5.1670 -2.1036 7.2357 7.1326 -6.7503 4.9572 -3.0772  
 0 () || 9.8430 3.7949 -6.9747 -5.1670 -2.1036 7.2357 7.1326 -6.7503 4.9572 -3.0772  
 0 () || 9.8430 3.7949 -6.9747 -5.1670 -2.1036 7.2357 7.1326 -6.7503 4.9572 -3.0772  
 0 () || 9.8430 3.7949 -6.9747 -5.1670 -2.1036 7.2357 7.1326 -6.7503 4.9572 -3.0772  
 第32代  
 0 () || 9.8430 3.7949 -6.9747 -5.1670 -2.1036 7.2357 7.1326 -6.7503 4.9572 -3.0772  
 0 () || 9.8430 3.7949 -6.9747 -5.1670 -2.1036 7.2357 7.1326 -6.7503 4.9572 -3.0772  
 0 () || 9.8430 3.7949 -6.9747 -5.1670 -2.1036 7.2357 7.1326 -6.7503 4.9572 -3.0772  
 0 () || 9.8430 3.7949 -6.9747 -5.1670 -2.1036 7.2357 7.1326 -6.7503 4.9572 -3.0772  
 第33代  
 0 () || 9.7776 4.0232 -7.0077 -5.0322 -1.6625 4.4411 7.1916 -6.6379 4.8279 -3.9432  
 0 () || 9.8430 3.7949 -6.9747 -5.1670 -2.1036 7.2357 7.1326 -6.7503 4.9572 -3.0772  
 0 () || 9.8430 3.7949 -6.9747 -5.1670 -2.1036 7.2357 7.1326 -6.7503 4.9572 -3.0772  
 0 () || 9.8430 3.7949 -6.9747 -5.1670 -2.1036 7.2357 7.1326 -6.7503 4.9572 -3.0772  
 第34代  
 0 () || 9.7776 4.0232 -7.0077 -5.0322 -1.6625 4.4411 7.1916 -6.6379 4.8279 -3.9432  
 0 () || 9.7776 4.0232 -7.0077 -5.0322 -1.6625 4.4411 7.1916 -6.6379 4.8279 -3.9432  
 0 () || 9.8430 3.7949 -6.9747 -5.1670 -2.1036 7.2357 7.1326 -6.7503 4.9572 -3.0772  
 0 () || 9.8430 3.7949 -6.9747 -5.1670 -2.1036 7.2357 7.1326 -6.7503 4.9572 -3.0772  
 第35代  
 0 () || 9.7776 4.0232 -7.0077 -5.0322 -1.6625 4.4411 7.1916 -6.6379 4.8279 -3.9432  
 0 () || 9.7776 4.0232 -7.0077 -5.0322 -1.6625 4.4411 7.1916 -6.6379 4.8279 -3.9432  
 0 () || 9.7776 4.0232 -7.0077 -5.0322 -1.6625 4.4411 7.1916 -6.6379 4.8279 -3.9432  
 0 () || 9.7776 4.0232 -7.0077 -5.0322 -1.6625 4.4411 7.1916 -6.6379 4.8279 -3.9432  
 第36代  
 0 () || 9.7776 4.0232 -7.0077 -5.0322 -1.6625 4.4411 7.1916 -6.6379 4.8279 -3.9432  
 0 () || 9.7776 4.0232 -7.0077 -5.0322 -1.6625 4.4411 7.1916 -6.6379 4.8279 -3.9432  
 0 () || 9.7776 4.0232 -7.0077 -5.0322 -1.6625 4.4411 7.1916 -6.6379 4.8279 -3.9432  
 0 () || 9.7776 4.0232 -7.0077 -5.0322 -1.6625 4.4411 7.1916 -6.6379 4.8279 -3.9432  
 第37代  
 0 () || 6.6650 2.0433 -6.6680 -6.2011 -2.4204 5.2028 6.5842 -7.7958 5.9493 -6.6370  
 0 () || 9.7776 4.0232 -7.0077 -5.0322 -1.6625 4.4411 7.1916 -6.6379 4.8279 -3.9432  
 0 () || 9.7776 4.0232 -7.0077 -5.0322 -1.6625 4.4411 7.1916 -6.6379 4.8279 -3.9432  
 0 () || 9.7776 4.0232 -7.0077 -5.0322 -1.6625 4.4411 7.1916 -6.6379 4.8279 -3.9432  
 第38代  
 0 () || 6.6650 2.0433 -6.6680 -6.2011 -2.4204 5.2028 6.5842 -7.7958 5.9493 -6.6370  
 0 () || 6.6650 2.0433 -6.6680 -6.2011 -2.4204 5.2028 6.5842 -7.7958 5.9493 -6.6370  
 0 () || 9.7776 4.0232 -7.0077 -5.0322 -1.6625 4.4411 7.1916 -6.6379 4.8279 -3.9432  
 0 () || 9.7776 4.0232 -7.0077 -5.0322 -1.6625 4.4411 7.1916 -6.6379 4.8279 -3.9432  
 第39代  
 0 () || 6.6650 2.0433 -6.6680 -6.2011 -2.4204 5.2028 6.5842 -7.7958 5.9493 -6.6370  
 0 () || 6.6650 2.0433 -6.6680 -6.2011 -2.4204 5.2028 6.5842 -7.7958 5.9493 -6.6370  
 0 () || 6.6650 2.0433 -6.6680 -6.2011 -2.4204 5.2028 6.5842 -7.7958 5.9493 -6.6370  
 0 () || 6.6650 2.0433 -6.6680 -6.2011 -2.4204 5.2028 6.5842 -7.7958 5.9493 -6.6370  
 第40代  
 0 () || 6.6650 2.0433 -6.6680 -6.2011 -2.4204 5.2028 6.5842 -7.7958 5.9493 -6.6370  
 0 () || 6.6650 2.0433 -6.6680 -6.2011 -2.4204 5.2028 6.5842 -7.7958 5.9493 -6.6370  
 0 () || 6.6650 2.0433 -6.6680 -6.2011 -2.4204 5.2028 6.5842 -7.7958 5.9493 -6.6370  
 0 () || 6.6650 2.0433 -6.6680 -6.2011 -2.4204 5.2028 6.5842 -7.7958 5.9493 -6.6370  
 第41代  
 0 () || 8.0537 2.9401 -8.1474 -6.6343 5.1984 2.7180 7.8992 -5.3468 6.3649 -4.2537  
 0 () || 6.6650 2.0433 -6.6680 -6.2011 -2.4204 5.2028 6.5842 -7.7958 5.9493 -6.6370  
 0 () || 6.6650 2.0433 -6.6680 -6.2011 -2.4204 5.2028 6.5842 -7.7958 5.9493 -6.6370  
 0 () || 6.6650 2.0433 -6.6680 -6.2011 -2.4204 5.2028 6.5842 -7.7958 5.9493 -6.6370  
 第42代  
 0 () || 8.0537 2.9401 -8.1474 -6.6343 5.1984 2.7180 7.8992 -5.3468 6.3649 -4.2537  
 0 () || 8.0537 2.9401 -8.1474 -6.6343 5.1984 2.7180 7.8992 -5.3468 6.3649 -4.2537  
 0 () || 6.6093 2.2277 -6.7120 -6.5625 -1.8625 3.6440 6.6630 -7.6456 6.2960 -7.5728  
 0 () || 6.6650 2.0433 -6.6680 -6.2011 -2.4204 5.2028 6.5842 -7.7958 5.9493 -6.6370  
 第43代  
 0 () || 8.0537 2.9401 -8.1474 -6.6343 5.1984 2.7180 7.8992 -5.3468 6.3649 -4.2537  
 0 () || 8.0537 2.9401 -8.1474 -6.6343 5.1984 2.7180 7.8992 -5.3468 6.3649 -4.2537  
 0 () || 8.0537 2.9401 -8.1474 -6.6343 5.1984 2.7180 7.8992 -5.3468 6.3649 -4.2537  
 0 () || 8.0537 2.9401 -8.1474 -6.6343 5.1984 2.7180 7.8992 -5.3468 6.3649 -4.2537  
 第44代  
 0 () || 8.0537 2.9401 -8.1474 -6.6343 5.1984 2.7180 7.8992 -5.3468 6.3649 -4.2537  
 0 () || 8.0537 2.9401 -8.1474 -6.6343 5.1984 2.7180 7.8992 -5.3468 6.3649 -4.2537  
 0 () || 8.0537 2.9401 -8.1474 -6.6343 5.1984 2.7180 7.8992 -5.3468 6.3649 -4.2537  
 0 () || 8.0537 2.9401 -8.1474 -6.6343 5.1984 2.7180 7.8992 -5.3468 6.3649 -4.2537  
 第45代  
 0 () || 7.6527 3.3383 -5.8866 -6.5296 4.9994 4.1149 8.8687 -5.4859 7.7914 -4.8299  
 0 () || 8.0537 2.9401 -8.1474 -6.6343 5.1984 2.7180 7.8992 -5.3468 6.3649 -4.2537  
 0 () || 8.0537 2.9401 -8.1474 -6.6343 5.1984 2.7180 7.8992 -5.3468 6.3649 -4.2537  
 0 () || 8.0537 2.9401 -8.1474 -6.6343 5.1984 2.7180 7.8992 -5.3468 6.3649 -4.2537  
 第46代  
 0 () || 7.6527 3.3383 -5.8866 -6.5296 4.9994 4.1149 8.8687 -5.4859 7.7914 -4.8299  
 0 () || 7.6527 3.3383 -5.8866 -6.5296 4.9994 4.1149 8.8687 -5.4859 7.7914 -4.8299  
 0 () || 8.0537 2.9401 -8.1474 -6.6343 5.1984 2.7180 7.8992 -5.3468 6.3649 -4.2537  
 0 () || 8.0537 2.9401 -8.1474 -6.6343 5.1984 2.7180 7.8992 -5.3468 6.3649 -4.2537  
 第47代  
 0 () || 8.1062 1.9033 -8.0867 -6.9069 4.6999 1.7596 7.7722 -5.4125 6.6264 -5.8985  
 0 () || 7.6527 3.3383 -5.8866 -6.5296 4.9994 4.1149 8.8687 -5.4859 7.7914 -4.8299  
 0 () || 7.6527 3.3383 -5.8866 -6.5296 4.9994 4.1149 8.8687 -5.4859 7.7914 -4.8299  
 0 () || 7.6527 3.3383 -5.8866 -6.5296 4.9994 4.1149 8.8687 -5.4859 7.7914 -4.8299  
 第48代  
 0 () || 8.1062 1.9033 -8.0867 -6.9069 4.6999 1.7596 7.7722 -5.4125 6.6264 -5.8985  
 0 () || 8.1062 1.9033 -8.0867 -6.9069 4.6999 1.7596 7.7722 -5.4125 6.6264 -5.8985  
 0 () || 7.6527 3.3383 -5.8866 -6.5296 4.9994 4.1149 8.8687 -5.4859 7.7914 -4.8299  
 0 () || 7.6527 3.3383 -5.8866 -6.5296 4.9994 4.1149 8.8687 -5.4859 7.7914 -4.8299  
 第49代  
 0 () || 8.1062 1.9033 -8.0867 -6.9069 4.6999 1.7596 7.7722 -5.4125 6.6264 -5.8985  
 0 () || 8.1062 1.9033 -8.0867 -6.9069 4.6999 1.7596 7.7722 -5.4125 6.6264 -5.8985  
 0 () || 8.1062 1.9033 -8.0867 -6.9069 4.6999 1.7596 7.7722 -5.4125 6.6264 -5.8985  
 0 () || 8.1062 1.9033 -8.0867 -6.9069 4.6999 1.7596 7.7722 -5.4125 6.6264 -5.8985  
 第50代  
 0 () || 8.1062 1.9033 -8.0867 -6.9069 4.6999 1.7596 7.7722 -5.4125 6.6264 -5.8985  
 0 () || 8.1062 1.9033 -8.0867 -6.9069 4.6999 1.7596 7.7722 -5.4125 6.6264 -5.8985  
 0 () || 8.1062 1.9033 -8.0867 -6.9069 4.6999 1.7596 7.7722 -5.4125 6.6264 -5.8985  
 0 () || 8.1062 1.9033 -8.0867 -6.9069 4.6999 1.7596 7.7722 -5.4125 6.6264 -5.8985  
 第51代  
 0 () || 8.1062 1.9033 -8.0867 -6.9069 4.6999 1.7596 7.7722 -5.4125 6.6264 -5.8985  
 0 () || 8.1062 1.9033 -8.0867 -6.9069 4.6999 1.7596 7.7722 -5.4125 6.6264 -5.8985  
 0 () || 8.1062 1.9033 -8.0867 -6.9069 4.6999 1.7596 7.7722 -5.4125 6.6264 -5.8985  
 0 () || 8.1062 1.9033 -8.0867 -6.9069 4.6999 1.7596 7.7722 -5.4125 6.6264 -5.8985  
 第52代  
 0 () || 7.5554 3.6089 -5.9636 -6.5038 4.2379 4.2355 9.1040 -6.1891 7.7607 -4.9714  
 0 () || 8.1062 1.9033 -8.0867 -6.9069 4.6999 1.7596 7.7722 -5.4125 6.6264 -5.8985  
 0 () || 8.1062 1.9033 -8.0867 -6.9069 4.6999 1.7596 7.7722 -5.4125 6.6264 -5.8985  
 0 () || 8.1062 1.9033 -8.0867 -6.9069 4.6999 1.7596 7.7722 -5.4125 6.6264 -5.8985  
 第53代  
 0 () || 7.5554 3.6089 -5.9636 -6.5038 4.2379 4.2355 9.1040 -6.1891 7.7607 -4.9714  
 0 () || 7.5554 3.6089 -5.9636 -6.5038 4.2379 4.2355 9.1040 -6.1891 7.7607 -4.9714  
 0 () || 8.1078 1.7321 -8.0849 -6.9147 4.6856 2.1525 7.7685 -5.4143 6.6339 -5.8063  
 0 () || 8.1062 1.9033 -8.0867 -6.9069 4.6999 1.7596 7.7722 -5.4125 6.6264 -5.8985  
 第54代  
 0 () || 7.5554 3.6089 -5.9636 -6.5038 4.2379 4.2355 9.1040 -6.1891 7.7607 -4.9714  
 0 () || 7.5554 3.6089 -5.9636 -6.5038 4.2379 4.2355 9.1040 -6.1891 7.7607 -4.9714  
 0 () || 7.5554 3.6089 -5.9636 -6.5038 4.2379 4.2355 9.1040 -6.1891 7.7607 -4.9714  
 0 () || 7.5554 3.6089 -5.9636 -6.5038 4.2379 4.2355 9.1040 -6.1891 7.7607 -4.9714  
 第55代  
 0 () || 7.5554 3.6089 -5.9636 -6.5038 4.2379 4.2355 9.1040 -6.1891 7.7607 -4.9714  
 0 () || 7.5554 3.6089 -5.9636 -6.5038 4.2379 4.2355 9.1040 -6.1891 7.7607 -4.9714  
 0 () || 7.5554 3.6089 -5.9636 -6.5038 4.2379 4.2355 9.1040 -6.1891 7.7607 -4.9714  
 0 () || 7.5554 3.6089 -5.9636 -6.5038 4.2379 4.2355 9.1040 -6.1891 7.7607 -4.9714  
 第56代  
 0 () || 7.5554 3.6089 -5.9636 -6.5038 4.2379 4.2355 9.1040 -6.1891 7.7607 -4.9714  
 0 () || 7.5554 3.6089 -5.9636 -6.5038 4.2379 4.2355 9.1040 -6.1891 7.7607 -4.9714  
 0 () || 7.5554 3.6089 -5.9636 -6.5038 4.2379 4.2355 9.1040 -6.1891 7.7607 -4.9714  
 0 () || 7.5554 3.6089 -5.9636 -6.5038 4.2379 4.2355 9.1040 -6.1891 7.7607 -4.9714  
 第57代  
 0 () || 7.7668 2.7496 -8.4795 -6.7190 4.8286 3.2270 8.5930 -6.5350 5.8308 -3.7877  
 0 () || 7.5554 3.6089 -5.9636 -6.5038 4.2379 4.2355 9.1040 -6.1891 7.7607 -4.9714  
 0 () || 7.5554 3.6089 -5.9636 -6.5038 4.2379 4.2355 9.1040 -6.1891 7.7607 -4.9714  
 0 () || 7.5554 3.6089 -5.9636 -6.5038 4.2379 4.2355 9.1040 -6.1891 7.7607 -4.9714  
 第58代  
 0 () || 7.7668 2.7496 -8.4795 -6.7190 4.8286 3.2270 8.5930 -6.5350 5.8308 -3.7877  
 0 () || 7.7668 2.7496 -8.4795 -6.7190 4.8286 3.2270 8.5930 -6.5350 5.8308 -3.7877  
 0 () || 7.5554 3.6089 -5.9636 -6.5038 4.2379 4.2355 9.1040 -6.1891 7.7607 -4.9714  
 0 () || 7.5554 3.6089 -5.9636 -6.5038 4.2379 4.2355 9.1040 -6.1891 7.7607 -4.9714  
 第59代  
 0 () || 7.7668 2.7496 -8.4795 -6.7190 4.8286 3.2270 8.5930 -6.5350 5.8308 -3.7877  
 0 () || 7.7668 2.7496 -8.4795 -6.7190 4.8286 3.2270 8.5930 -6.5350 5.8308 -3.7877  
 0 () || 7.7668 2.7496 -8.4795 -6.7190 4.8286 3.2270 8.5930 -6.5350 5.8308 -3.7877  
 0 () || 7.7668 2.7496 -8.4795 -6.7190 4.8286 3.2270 8.5930 -6.5350 5.8308 -3.7877  
 第60代  
 0 () || 7.7668 2.7496 -8.4795 -6.7190 4.8286 3.2270 8.5930 -6.5350 5.8308 -3.7877  
 0 () || 7.7668 2.7496 -8.4795 -6.7190 4.8286 3.2270 8.5930 -6.5350 5.8308 -3.7877  
 0 () || 7.7668 2.7496 -8.4795 -6.7190 4.8286 3.2270 8.5930 -6.5350 5.8308 -3.7877  
 0 () || 7.7668 2.7496 -8.4795 -6.7190 4.8286 3.2270 8.5930 -6.5350 5.8308 -3.7877  
 第61代  
 0 () || 7.7668 2.7496 -8.4795 -6.7190 4.8286 3.2270 8.5930 -6.5350 5.8308 -3.7877  
 0 () || 7.7668 2.7496 -8.4795 -6.7190 4.8286 3.2270 8.5930 -6.5350 5.8308 -3.7877  
 0 () || 7.7668 2.7496 -8.4795 -6.7190 4.8286 3.2270 8.5930 -6.5350 5.8308 -3.7877  
 0 () || 7.7668 2.7496 -8.4795 -6.7190 4.8286 3.2270 8.5930 -6.5350 5.8308 -3.7877  
 第62代  
 0 () || 7.7668 2.7496 -8.4795 -6.7190 4.8286 3.2270 8.5930 -6.5350 5.8308 -3.7877  
 0 () || 7.7668 2.7496 -8.4795 -6.7190 4.8286 3.2270 8.5930 -6.5350 5.8308 -3.7877  
 0 () || 7.7668 2.7496 -8.4795 -6.7190 4.8286 3.2270 8.5930 -6.5350 5.8308 -3.7877  
 0 () || 7.7668 2.7496 -8.4795 -6.7190 4.8286 3.2270 8.5930 -6.5350 5.8308 -3.7877  
 第63代  
 0 () || 7.7668 2.7496 -8.4795 -6.7190 4.8286 3.2270 8.5930 -6.5350 5.8308 -3.7877  
 0 () || 7.7668 2.7496 -8.4795 -6.7190 4.8286 3.2270 8.5930 -6.5350 5.8308 -3.7877  
 0 () || 7.7668 2.7496 -8.4795 -6.7190 4.8286 3.2270 8.5930 -6.5350 5.8308 -3.7877  
 0 () || 7.7668 2.7496 -8.4795 -6.7190 4.8286 3.2270 8.5930 -6.5350 5.8308 -3.7877  
 第64代  
 0 () || 7.7668 2.7496 -8.4795 -6.7190 4.8286 3.2270 8.5930 -6.5350 5.8308 -3.7877  
 0 () || 7.7668 2.7496 -8.4795 -6.7190 4.8286 3.2270 8.5930 -6.5350 5.8308 -3.7877  
 0 () || 7.7668 2.7496 -8.4795 -6.7190 4.8286 3.2270 8.5930 -6.5350 5.8308 -3.7877  
 0 () || 7.7668 2.7496 -8.4795 -6.7190 4.8286 3.2270 8.5930 -6.5350 5.8308 -3.7877  
 第65代  
 0 () || 7.7668 2.7496 -8.4795 -6.7190 4.8286 3.2270 8.5930 -6.5350 5.8308 -3.7877  
 0 () || 7.7668 2.7496 -8.4795 -6.7190 4.8286 3.2270 8.5930 -6.5350 5.8308 -3.7877  
 0 () || 7.7668 2.7496 -8.4795 -6.7190 4.8286 3.2270 8.5930 -6.5350 5.8308 -3.7877  
 0 () || 7.7668 2.7496 -8.4795 -6.7190 4.8286 3.2270 8.5930 -6.5350 5.8308 -3.7877  
 第66代  
 0 () || 7.7668 2.7496 -8.4795 -6.7190 4.8286 3.2270 8.5930 -6.5350 5.8308 -3.7877  
 0 () || 7.7668 2.7496 -8.4795 -6.7190 4.8286 3.2270 8.5930 -6.5350 5.8308 -3.7877  
 0 () || 7.7668 2.7496 -8.4795 -6.7190 4.8286 3.2270 8.5930 -6.5350 5.8308 -3.7877  
 0 () || 7.7668 2.7496 -8.4795 -6.7190 4.8286 3.2270 8.5930 -6.5350 5.8308 -3.7877  
 第67代  
 0 () || 7.7668 2.7496 -8.4795 -6.7190 4.8286 3.2270 8.5930 -6.5350 5.8308 -3.7877  
 0 () || 7.7668 2.7496 -8.4795 -6.7190 4.8286 3.2270 8.5930 -6.5350 5.8308 -3.7877  
 0 () || 7.7668 2.7496 -8.4795 -6.7190 4.8286 3.2270 8.5930 -6.5350 5.8308 -3.7877  
 0 () || 7.7668 2.7496 -8.4795 -6.7190 4.8286 3.2270 8.5930 -6.5350 5.8308 -3.7877  
 第68代  
 0 () || 7.7668 2.7496 -8.4795 -6.7190 4.8286 3.2270 8.5930 -6.5350 5.8308 -3.7877  
 0 () || 7.7668 2.7496 -8.4795 -6.7190 4.8286 3.2270 8.5930 -6.5350 5.8308 -3.7877  
 0 () || 7.7668 2.7496 -8.4795 -6.7190 4.8286 3.2270 8.5930 -6.5350 5.8308 -3.7877  
 0 () || 7.7668 2.7496 -8.4795 -6.7190 4.8286 3.2270 8.5930 -6.5350 5.8308 -3.7877  
 第69代  
 0 () || 7.7668 2.7496 -8.4795 -6.7190 4.8286 3.2270 8.5930 -6.5350 5.8308 -3.7877  
 0 () || 7.7668 2.7496 -8.4795 -6.7190 4.8286 3.2270 8.5930 -6.5350 5.8308 -3.7877  
 0 () || 7.7668 2.7496 -8.4795 -6.7190 4.8286 3.2270 8.5930 -6.5350 5.8308 -3.7877  
 0 () || 7.7668 2.7496 -8.4795 -6.7190 4.8286 3.2270 8.5930 -6.5350 5.8308 -3.7877  
 第70代  
 0 () || 7.6783 2.5877 -8.5819 -6.7595 5.7374 3.0370 8.8070 -6.3901 5.8660 -3.5647  
 0 () || 7.7668 2.7496 -8.4795 -6.7190 4.8286 3.2270 8.5930 -6.5350 5.8308 -3.7877  
 0 () || 7.7668 2.7496 -8.4795 -6.7190 4.8286 3.2270 8.5930 -6.5350 5.8308 -3.7877  
 0 () || 7.7668 2.7496 -8.4795 -6.7190 4.8286 3.2270 8.5930 -6.5350 5.8308 -3.7877  
 第71代  
 0 () || 7.6783 2.5877 -8.5819 -6.7595 5.7374 3.0370 8.8070 -6.3901 5.8660 -3.5647  
 0 () || 7.6783 2.5877 -8.5819 -6.7595 5.7374 3.0370 8.8070 -6.3901 5.8660 -3.5647  
 0 () || 7.7668 2.7496 -8.4795 -6.7190 4.8286 3.2270 8.5930 -6.5350 5.8308 -3.7877  
 0 () || 7.7668 2.7496 -8.4795 -6.7190 4.8286 3.2270 8.5930 -6.5350 5.8308 -3.7877  
 第72代  
 0 () || 7.6783 2.5877 -8.5819 -6.7595 5.7374 3.0370 8.8070 -6.3901 5.8660 -3.5647  
 0 () || 7.6783 2.5877 -8.5819 -6.7595 5.7374 3.0370 8.8070 -6.3901 5.8660 -3.5647  
 0 () || 7.6783 2.5877 -8.5819 -6.7595 5.7374 3.0370 8.8070 -6.3901 5.8660 -3.5647  
 0 () || 7.6783 2.5877 -8.5819 -6.7595 5.7374 3.0370 8.8070 -6.3901 5.8660 -3.5647  
 第73代  
 0 () || 7.6783 2.5877 -8.5819 -6.7595 5.7374 3.0370 8.8070 -6.3901 5.8660 -3.5647  
 0 () || 7.6783 2.5877 -8.5819 -6.7595 5.7374 3.0370 8.8070 -6.3901 5.8660 -3.5647  
 0 () || 7.6783 2.5877 -8.5819 -6.7595 5.7374 3.0370 8.8070 -6.3901 5.8660 -3.5647  
 0 () || 7.6783 2.5877 -8.5819 -6.7595 5.7374 3.0370 8.8070 -6.3901 5.8660 -3.5647  
 第74代  
 0 () || 7.6783 2.5877 -8.5819 -6.7595 5.7374 3.0370 8.8070 -6.3901 5.8660 -3.5647  
 0 () || 7.6783 2.5877 -8.5819 -6.7595 5.7374 3.0370 8.8070 -6.3901 5.8660 -3.5647  
 0 () || 7.6783 2.5877 -8.5819 -6.7595 5.7374 3.0370 8.8070 -6.3901 5.8660 -3.5647  
 0 () || 7.6783 2.5877 -8.5819 -6.7595 5.7374 3.0370 8.8070 -6.3901 5.8660 -3.5647  
 第75代  
 0 () || 7.6783 2.5877 -8.5819 -6.7595 5.7374 3.0370 8.8070 -6.3901 5.8660 -3.5647  
 0 () || 7.6783 2.5877 -8.5819 -6.7595 5.7374 3.0370 8.8070 -6.3901 5.8660 -3.5647  
 0 () || 7.6783 2.5877 -8.5819 -6.7595 5.7374 3.0370 8.8070 -6.3901 5.8660 -3.5647  
 0 () || 7.6783 2.5877 -8.5819 -6.7595 5.7374 3.0370 8.8070 -6.3901 5.8660 -3.5647  
 第76代  
 0 () || 7.6783 2.5877 -8.5819 -6.7595 5.7374 3.0370 8.8070 -6.3901 5.8660 -3.5647  
 0 () || 7.6783 2.5877 -8.5819 -6.7595 5.7374 3.0370 8.8070 -6.3901 5.8660 -3.5647  
 0 () || 7.6783 2.5877 -8.5819 -6.7595 5.7374 3.0370 8.8070 -6.3901 5.8660 -3.5647  
 0 () || 7.6783 2.5877 -8.5819 -6.7595 5.7374 3.0370 8.8070 -6.3901 5.8660 -3.5647  
 第77代  
 0 () || 7.6783 2.5877 -8.5819 -6.7595 5.7374 3.0370 8.8070 -6.3901 5.8660 -3.5647  
 0 () || 7.6783 2.5877 -8.5819 -6.7595 5.7374 3.0370 8.8070 -6.3901 5.8660 -3.5647  
 0 () || 7.6783 2.5877 -8.5819 -6.7595 5.7374 3.0370 8.8070 -6.3901 5.8660 -3.5647  
 0 () || 7.6783 2.5877 -8.5819 -6.7595 5.7374 3.0370 8.8070 -6.3901 5.8660 -3.5647  
 第78代  
 0 () || 7.6783 2.5877 -8.5819 -6.7595 5.7374 3.0370 8.8070 -6.3901 5.8660 -3.5647  
 0 () || 7.6783 2.5877 -8.5819 -6.7595 5.7374 3.0370 8.8070 -6.3901 5.8660 -3.5647  
 0 () || 7.6783 2.5877 -8.5819 -6.7595 5.7374 3.0370 8.8070 -6.3901 5.8660 -3.5647  
 0 () || 7.6783 2.5877 -8.5819 -6.7595 5.7374 3.0370 8.8070 -6.3901 5.8660 -3.5647  
 第79代  
 0 () || 7.6783 2.5877 -8.5819 -6.7595 5.7374 3.0370 8.8070 -6.3901 5.8660 -3.5647  
 0 () || 7.6783 2.5877 -8.5819 -6.7595 5.7374 3.0370 8.8070 -6.3901 5.8660 -3.5647  
 0 () || 7.6783 2.5877 -8.5819 -6.7595 5.7374 3.0370 8.8070 -6.3901 5.8660 -3.5647  
 0 () || 7.6783 2.5877 -8.5819 -6.7595 5.7374 3.0370 8.8070 -6.3901 5.8660 -3.5647  
 第80代  
 0 () || 7.6783 2.5877 -8.5819 -6.7595 5.7374 3.0370 8.8070 -6.3901 5.8660 -3.5647  
 0 () || 7.6783 2.5877 -8.5819 -6.7595 5.7374 3.0370 8.8070 -6.3901 5.8660 -3.5647  
 0 () || 7.6783 2.5877 -8.5819 -6.7595 5.7374 3.0370 8.8070 -6.3901 5.8660 -3.5647  
 0 () || 7.6783 2.5877 -8.5819 -6.7595 5.7374 3.0370 8.8070 -6.3901 5.8660 -3.5647  
 第81代  
 0 () || 7.6783 2.5877 -8.5819 -6.7595 5.7374 3.0370 8.8070 -6.3901 5.8660 -3.5647  
 0 () || 7.6783 2.5877 -8.5819 -6.7595 5.7374 3.0370 8.8070 -6.3901 5.8660 -3.5647  
 0 () || 7.6783 2.5877 -8.5819 -6.7595 5.7374 3.0370 8.8070 -6.3901 5.8660 -3.5647  
 0 () || 7.6783 2.5877 -8.5819 -6.7595 5.7374 3.0370 8.8070 -6.3901 5.8660 -3.5647  
 第82代  
 0 () || 7.6783 2.5877 -8.5819 -6.7595 5.7374 3.0370 8.8070 -6.3901 5.8660 -3.5647  
 0 () || 7.6783 2.5877 -8.5819 -6.7595 5.7374 3.0370 8.8070 -6.3901 5.8660 -3.5647  
 0 () || 7.6783 2.5877 -8.5819 -6.7595 5.7374 3.0370 8.8070 -6.3901 5.8660 -3.5647  
 0 () || 7.6783 2.5877 -8.5819 -6.7595 5.7374 3.0370 8.8070 -6.3901 5.8660 -3.5647  
 第83代  
 0 () || 7.6876 3.8945 -8.5711 -6.7929 5.6416 2.2852 8.7844 -6.4054 5.8950 -3.3808  
 0 () || 7.6783 2.5877 -8.5819 -6.7595 5.7374 3.0370 8.8070 -6.3901 5.8660 -3.5647  
 0 () || 7.6783 2.5877 -8.5819 -6.7595 5.7374 3.0370 8.8070 -6.3901 5.8660 -3.5647  
 0 () || 7.6783 2.5877 -8.5819 -6.7595 5.7374 3.0370 8.8070 -6.3901 5.8660 -3.5647  
 第84代  
 0 () || 7.6876 3.8945 -8.5711 -6.7929 5.6416 2.2852 8.7844 -6.4054 5.8950 -3.3808  
 0 () || 7.6876 3.8945 -8.5711 -6.7929 5.6416 2.2852 8.7844 -6.4054 5.8950 -3.3808  
 0 () || 7.6783 2.5877 -8.5819 -6.7595 5.7374 3.0370 8.8070 -6.3901 5.8660 -3.5647  
 0 () || 7.6783 2.5877 -8.5819 -6.7595 5.7374 3.0370 8.8070 -6.3901 5.8660 -3.5647  
 第85代  
 0 () || 7.6964 2.3287 -8.5610 -6.8244 5.5515 4.3728 8.7632 -6.4198 5.9223 -3.2079  
 0 () || 7.6876 3.8945 -8.5711 -6.7929 5.6416 2.2852 8.7844 -6.4054 5.8950 -3.3808  
 0 () || 7.6876 3.8945 -8.5711 -6.7929 5.6416 2.2852 8.7844 -6.4054 5.8950 -3.3808  
 0 () || 7.6876 3.8945 -8.5711 -6.7929 5.6416 2.2852 8.7844 -6.4054 5.8950 -3.3808  
 第86代  
 0 () || 7.6964 2.3287 -8.5610 -6.8244 5.5515 4.3728 8.7632 -6.4198 5.9223 -3.2079  
 0 () || 7.6964 2.3287 -8.5610 -6.8244 5.5515 4.3728 8.7632 -6.4198 5.9223 -3.2079  
 0 () || 7.6876 3.8945 -8.5711 -6.7929 5.6416 2.2852 8.7844 -6.4054 5.8950 -3.3808  
 0 () || 7.6876 3.8945 -8.5711 -6.7929 5.6416 2.2852 8.7844 -6.4054 5.8950 -3.3808  
 第87代  
 0 () || 7.6964 2.3287 -8.5610 -6.8244 5.5515 4.3728 8.7632 -6.4198 5.9223 -3.2079  
 0 () || 7.6964 2.3287 -8.5610 -6.8244 5.5515 4.3728 8.7632 -6.4198 5.9223 -3.2079  
 0 () || 7.6964 2.3287 -8.5610 -6.8244 5.5515 4.3728 8.7632 -6.4198 5.9223 -3.2079  
 0 () || 7.6964 2.3287 -8.5610 -6.8244 5.5515 4.3728 8.7632 -6.4198 5.9223 -3.2079  
 第88代  
 0 () || 7.6964 2.3287 -8.5610 -6.8244 5.5515 4.3728 8.7632 -6.4198 5.9223 -3.2079  
 0 () || 7.6964 2.3287 -8.5610 -6.8244 5.5515 4.3728 8.7632 -6.4198 5.9223 -3.2079  
 0 () || 7.6964 2.3287 -8.5610 -6.8244 5.5515 4.3728 8.7632 -6.4198 5.9223 -3.2079  
 0 () || 7.6964 2.3287 -8.5610 -6.8244 5.5515 4.3728 8.7632 -6.4198 5.9223 -3.2079  
 第89代  
 0 () || 7.6964 2.3287 -8.5610 -6.8244 5.5515 4.3728 8.7632 -6.4198 5.9223 -3.2079  
 0 () || 7.6964 2.3287 -8.5610 -6.8244 5.5515 4.3728 8.7632 -6.4198 5.9223 -3.2079  
 0 () || 7.6964 2.3287 -8.5610 -6.8244 5.5515 4.3728 8.7632 -6.4198 5.9223 -3.2079  
 0 () || 7.6964 2.3287 -8.5610 -6.8244 5.5515 4.3728 8.7632 -6.4198 5.9223 -3.2079  
 第90代  
 0 () || 7.6964 2.3287 -8.5610 -6.8244 5.5515 4.3728 8.7632 -6.4198 5.9223 -3.2079  
 0 () || 7.6964 2.3287 -8.5610 -6.8244 5.5515 4.3728 8.7632 -6.4198 5.9223 -3.2079  
 0 () || 7.6964 2.3287 -8.5610 -6.8244 5.5515 4.3728 8.7632 -6.4198 5.9223 -3.2079  
 0 () || 7.6964 2.3287 -8.5610 -6.8244 5.5515 4.3728 8.7632 -6.4198 5.9223 -3.2079  
 第91代  
 0 () || 7.6964 2.3287 -8.5610 -6.8244 5.5515 4.3728 8.7632 -6.4198 5.9223 -3.2079  
 0 () || 7.6964 2.3287 -8.5610 -6.8244 5.5515 4.3728 8.7632 -6.4198 5.9223 -3.2079  
 0 () || 7.6964 2.3287 -8.5610 -6.8244 5.5515 4.3728 8.7632 -6.4198 5.9223 -3.2079  
 0 () || 7.6964 2.3287 -8.5610 -6.8244 5.5515 4.3728 8.7632 -6.4198 5.9223 -3.2079  
 第92代  
 0 () || 7.6964 2.3287 -8.5610 -6.8244 5.5515 4.3728 8.7632 -6.4198 5.9223 -3.2079  
 0 () || 7.6964 2.3287 -8.5610 -6.8244 5.5515 4.3728 8.7632 -6.4198 5.9223 -3.2079  
 0 () || 7.6964 2.3287 -8.5610 -6.8244 5.5515 4.3728 8.7632 -6.4198 5.9223 -3.2079  
 0 () || 7.6964 2.3287 -8.5610 -6.8244 5.5515 4.3728 8.7632 -6.4198 5.9223 -3.2079  
 第93代  
 0 () || 7.6964 2.3287 -8.5610 -6.8244 5.5515 4.3728 8.7632 -6.4198 5.9223 -3.2079  
 0 () || 7.6964 2.3287 -8.5610 -6.8244 5.5515 4.3728 8.7632 -6.4198 5.9223 -3.2079  
 0 () || 7.6964 2.3287 -8.5610 -6.8244 5.5515 4.3728 8.7632 -6.4198 5.9223 -3.2079  
 0 () || 7.6964 2.3287 -8.5610 -6.8244 5.5515 4.3728 8.7632 -6.4198 5.9223 -3.2079  
 第94代  
 0 () || 7.6964 2.3287 -8.5610 -6.8244 5.5515 4.3728 8.7632 -6.4198 5.9223 -3.2079  
 0 () || 7.6964 2.3287 -8.5610 -6.8244 5.5515 4.3728 8.7632 -6.4198 5.9223 -3.2079  
 0 () || 7.6964 2.3287 -8.5610 -6.8244 5.5515 4.3728 8.7632 -6.4198 5.9223 -3.2079  
 0 () || 7.6964 2.3287 -8.5610 -6.8244 5.5515 4.3728 8.7632 -6.4198 5.9223 -3.2079  
 第95代  
 0 () || 7.6964 2.3287 -8.5610 -6.8244 5.5515 4.3728 8.7632 -6.4198 5.9223 -3.2079  
 0 () || 7.6964 2.3287 -8.5610 -6.8244 5.5515 4.3728 8.7632 -6.4198 5.9223 -3.2079  
 0 () || 7.6964 2.3287 -8.5610 -6.8244 5.5515 4.3728 8.7632 -6.4198 5.9223 -3.2079  
 0 () || 7.6964 2.3287 -8.5610 -6.8244 5.5515 4.3728 8.7632 -6.4198 5.9223 -3.2079  
 第96代  
 0 () || 7.6964 2.3287 -8.5610 -6.8244 5.5515 4.3728 8.7632 -6.4198 5.9223 -3.2079  
 0 () || 7.6964 2.3287 -8.5610 -6.8244 5.5515 4.3728 8.7632 -6.4198 5.9223 -3.2079  
 0 () || 7.6964 2.3287 -8.5610 -6.8244 5.5515 4.3728 8.7632 -6.4198 5.9223 -3.2079  
 0 () || 7.6964 2.3287 -8.5610 -6.8244 5.5515 4.3728 8.7632 -6.4198 5.9223 -3.2079  
 第97代  
 0 () || 7.6964 2.3287 -8.5610 -6.8244 5.5515 4.3728 8.7632 -6.4198 5.9223 -3.2079  
 0 () || 7.6964 2.3287 -8.5610 -6.8244 5.5515 4.3728 8.7632 -6.4198 5.9223 -3.2079  
 0 () || 7.6964 2.3287 -8.5610 -6.8244 5.5515 4.3728 8.7632 -6.4198 5.9223 -3.2079  
 0 () || 7.6964 2.3287 -8.5610 -6.8244 5.5515 4.3728 8.7632 -6.4198 5.9223 -3.2079  
 第98代  
 0 () || 7.6964 2.3287 -8.5610 -6.8244 5.5515 4.3728 8.7632 -6.4198 5.9223 -3.2079  
 0 () || 7.6964 2.3287 -8.5610 -6.8244 5.5515 4.3728 8.7632 -6.4198 5.9223 -3.2079  
 0 () || 7.6964 2.3287 -8.5610 -6.8244 5.5515 4.3728 8.7632 -6.4198 5.9223 -3.2079  
 0 () || 7.6964 2.3287 -8.5610 -6.8244 5.5515 4.3728 8.7632 -6.4198 5.9223 -3.2079  
 第99代  
 0 () || 7.6964 2.3287 -8.5610 -6.8244 5.5515 4.3728 8.7632 -6.4198 5.9223 -3.2079  
 0 () || 7.6964 2.3287 -8.5610 -6.8244 5.5515 4.3728 8.7632 -6.4198 5.9223 -3.2079  
 0 () || 7.6964 2.3287 -8.5610 -6.8244 5.5515 4.3728 8.7632 -6.4198 5.9223 -3.2079  
 0 () || 7.6964 2.3287 -8.5610 -6.8244 5.5515 4.3728 8.7632 -6.4198 5.9223 -3.2079  
 第100代  
 0 () || 7.6964 2.3287 -8.5610 -6.8244 5.5515 4.3728 8.7632 -6.4198 5.9223 -3.2079  
 0 () || 7.6964 2.3287 -8.5610 -6.8244 5.5515 4.3728 8.7632 -6.4198 5.9223 -3.2079  
 0 () || 7.6964 2.3287 -8.5610 -6.8244 5.5515 4.3728 8.7632 -6.4198 5.9223 -3.2079  
 0 () || 7.6964 2.3287 -8.5610 -6.8244 5.5515 4.3728 8.7632 -6.4198 5.9223 -3.2079  
 