第1代  
 0.00 0.00 2.00 2.79 5729.66 27864.53  
 0.00 0.00 2.00 3.47 4913.39 34734.81  
 0.00 0.00 2.00 3.53 6026.22 35284.64  
 1.00 1.04 2.00 3.47 6323.80 45074.61  
 第2代  
 0.00 0.00 2.00 2.33 7577.97 23348.52  
 0.00 0.00 2.00 2.60 5503.15 25970.87  
 0.00 0.00 2.00 2.79 5729.66 27864.53  
 0.00 0.00 2.00 3.00 5159.56 29998.98  
 第3代  
 0.00 0.00 2.00 2.33 7577.97 23348.52  
 0.00 0.00 2.00 2.33 7577.97 23348.52  
 0.00 0.00 2.00 2.36 6310.05 23593.67  
 0.00 0.00 2.00 2.42 7080.09 24213.24  
 第4代  
 0.00 0.00 1.00 1.25 6648.45 12461.98  
 0.00 0.00 2.00 2.31 7301.82 23063.06  
 0.00 0.00 2.00 2.33 7577.97 23348.52  
 0.00 0.00 2.00 2.33 7577.97 23348.52  
 第5代  
 0.00 0.00 0.00 0.00 8589.26 8589.26  
 0.00 0.00 1.00 1.01 8244.69 10090.07  
 0.00 0.00 1.00 1.19 7650.15 11869.01  
 0.00 0.00 1.00 1.25 6648.45 12461.98  
 第6代  
 0.00 0.00 0.00 0.00 8589.26 8589.26  
 0.00 0.00 0.00 0.00 8589.26 8589.26  
 0.00 0.00 1.00 1.01 8244.69 10090.07  
 0.00 0.00 1.00 1.01 8244.69 10090.07  
 第7代  
 0.00 0.00 0.00 0.00 8120.15 8120.15  
 0.00 0.00 0.00 0.00 8589.26 8589.26  
 0.00 0.00 0.00 0.00 8589.26 8589.26  
 0.00 0.00 0.00 0.00 8589.26 8589.26  
 第8代  
 0.00 0.00 0.00 0.00 7035.11 7035.11  
 0.00 0.00 0.00 0.00 8120.15 8120.15  
 0.00 0.00 0.00 0.00 8120.15 8120.15  
 0.00 0.00 0.00 0.00 8153.25 8153.25  
 第9代  
 0.00 0.00 0.00 0.00 7035.11 7035.11  
 0.00 0.00 0.00 0.00 7035.11 7035.11  
 0.00 0.00 0.00 0.00 8120.15 8120.15  
 0.00 0.00 0.00 0.00 8120.15 8120.15  
 第10代  
 0.00 0.00 0.00 0.00 7035.11 7035.11  
 0.00 0.00 0.00 0.00 7035.11 7035.11  
 0.00 0.00 0.00 0.00 7035.11 7035.11  
 0.00 0.00 0.00 0.00 7035.11 7035.11  
 第11代  
 0.00 0.00 0.00 0.00 7035.11 7035.11  
 0.00 0.00 0.00 0.00 7035.11 7035.11  
 0.00 0.00 0.00 0.00 7035.11 7035.11  
 0.00 0.00 0.00 0.00 7035.11 7035.11  
 第12代  
 0.00 0.00 0.00 0.00 7035.11 7035.11  
 0.00 0.00 0.00 0.00 7035.11 7035.11  
 0.00 0.00 0.00 0.00 7035.11 7035.11  
 0.00 0.00 0.00 0.00 7035.11 7035.11  
 第13代  
 0.00 0.00 0.00 0.00 7035.11 7035.11  
 0.00 0.00 0.00 0.00 7035.11 7035.11  
 0.00 0.00 0.00 0.00 7035.11 7035.11  
 0.00 0.00 0.00 0.00 7035.11 7035.11  
 第14代  
 0.00 0.00 0.00 0.00 7035.11 7035.11  
 0.00 0.00 0.00 0.00 7035.11 7035.11  
 0.00 0.00 0.00 0.00 7035.11 7035.11  
 0.00 0.00 0.00 0.00 7035.11 7035.11  
 第15代  
 0.00 0.00 0.00 0.00 6646.22 6646.22  
 0.00 0.00 0.00 0.00 7035.11 7035.11  
 0.00 0.00 0.00 0.00 7035.11 7035.11  
 0.00 0.00 0.00 0.00 7035.11 7035.11  
 第16代  
 0.00 0.00 0.00 0.00 6646.22 6646.22  
 0.00 0.00 0.00 0.00 6646.22 6646.22  
 0.00 0.00 0.00 0.00 7035.11 7035.11  
 0.00 0.00 0.00 0.00 7035.11 7035.11  
 第17代  
 0.00 0.00 0.00 0.00 6646.22 6646.22  
 0.00 0.00 0.00 0.00 6646.22 6646.22  
 0.00 0.00 0.00 0.00 6646.22 6646.22  
 0.00 0.00 0.00 0.00 6646.22 6646.22  
 第18代  
 0.00 0.00 0.00 0.00 6646.22 6646.22  
 0.00 0.00 0.00 0.00 6646.22 6646.22  
 0.00 0.00 0.00 0.00 6646.22 6646.22  
 0.00 0.00 0.00 0.00 6646.22 6646.22  
 第19代  
 0.00 0.00 0.00 0.00 6646.22 6646.22  
 0.00 0.00 0.00 0.00 6646.22 6646.22  
 0.00 0.00 0.00 0.00 6646.22 6646.22  
 0.00 0.00 0.00 0.00 6646.22 6646.22  
 第20代  
 0.00 0.00 0.00 0.00 6646.22 6646.22  
 0.00 0.00 0.00 0.00 6646.22 6646.22  
 0.00 0.00 0.00 0.00 6646.22 6646.22  
 0.00 0.00 0.00 0.00 6646.22 6646.22  
 第21代  
 0.00 0.00 0.00 0.00 6646.22 6646.22  
 0.00 0.00 0.00 0.00 6646.22 6646.22  
 0.00 0.00 0.00 0.00 6646.22 6646.22  
 0.00 0.00 0.00 0.00 6646.22 6646.22  
 第22代  
 0.00 0.00 0.00 0.00 6646.22 6646.22  
 0.00 0.00 0.00 0.00 6646.22 6646.22  
 0.00 0.00 0.00 0.00 6646.22 6646.22  
 0.00 0.00 0.00 0.00 6646.22 6646.22  
 第23代  
 0.00 0.00 0.00 0.00 6646.22 6646.22  
 0.00 0.00 0.00 0.00 6646.22 6646.22  
 0.00 0.00 0.00 0.00 6646.22 6646.22  
 0.00 0.00 0.00 0.00 6646.22 6646.22  
 第24代  
 0.00 0.00 0.00 0.00 6646.22 6646.22  
 0.00 0.00 0.00 0.00 6646.22 6646.22  
 0.00 0.00 0.00 0.00 6646.22 6646.22  
 0.00 0.00 0.00 0.00 6646.22 6646.22  
 第25代  
 0.00 0.00 0.00 0.00 6646.22 6646.22  
 0.00 0.00 0.00 0.00 6646.22 6646.22  
 0.00 0.00 0.00 0.00 6646.22 6646.22  
 0.00 0.00 0.00 0.00 6646.22 6646.22  
 第26代  
 0.00 0.00 0.00 0.00 6646.22 6646.22  
 0.00 0.00 0.00 0.00 6646.22 6646.22  
 0.00 0.00 0.00 0.00 6646.22 6646.22  
 0.00 0.00 0.00 0.00 6646.22 6646.22  
 第27代  
 0.00 0.00 0.00 0.00 6573.77 6573.77  
 0.00 0.00 0.00 0.00 6646.22 6646.22  
 0.00 0.00 0.00 0.00 6646.22 6646.22  
 0.00 0.00 0.00 0.00 6646.22 6646.22  
 第28代  
 0.00 0.00 0.00 0.00 6573.77 6573.77  
 0.00 0.00 0.00 0.00 6573.77 6573.77  
 0.00 0.00 0.00 0.00 6646.22 6646.22  
 0.00 0.00 0.00 0.00 6646.22 6646.22  
 第29代  
 0.00 0.00 0.00 0.00 6573.77 6573.77  
 0.00 0.00 0.00 0.00 6573.77 6573.77  
 0.00 0.00 0.00 0.00 6573.77 6573.77  
 0.00 0.00 0.00 0.00 6573.77 6573.77  
 第30代  
 0.00 0.00 0.00 0.00 6573.77 6573.77  
 0.00 0.00 0.00 0.00 6573.77 6573.77  
 0.00 0.00 0.00 0.00 6573.77 6573.77  
 0.00 0.00 0.00 0.00 6573.77 6573.77  
 第31代  
 0.00 0.00 0.00 0.00 6573.77 6573.77  
 0.00 0.00 0.00 0.00 6573.77 6573.77  
 0.00 0.00 0.00 0.00 6573.77 6573.77  
 0.00 0.00 0.00 0.00 6573.77 6573.77  
 第32代  
 0.00 0.00 0.00 0.00 6573.77 6573.77  
 0.00 0.00 0.00 0.00 6573.77 6573.77  
 0.00 0.00 0.00 0.00 6573.77 6573.77  
 0.00 0.00 0.00 0.00 6573.77 6573.77  
 第33代  
 0.00 0.00 0.00 0.00 6561.02 6561.02  
 0.00 0.00 0.00 0.00 6573.77 6573.77  
 0.00 0.00 0.00 0.00 6573.77 6573.77  
 0.00 0.00 0.00 0.00 6573.77 6573.77  
 第34代  
 0.00 0.00 0.00 0.00 6561.02 6561.02  
 0.00 0.00 0.00 0.00 6561.02 6561.02  
 0.00 0.00 0.00 0.00 6573.77 6573.77  
 0.00 0.00 0.00 0.00 6573.77 6573.77  
 第35代  
 0.00 0.00 0.00 0.00 6561.02 6561.02  
 0.00 0.00 0.00 0.00 6561.02 6561.02  
 0.00 0.00 0.00 0.00 6561.02 6561.02  
 0.00 0.00 0.00 0.00 6561.02 6561.02  
 第36代  
 0.00 0.00 0.00 0.00 6561.02 6561.02  
 0.00 0.00 0.00 0.00 6561.02 6561.02  
 0.00 0.00 0.00 0.00 6561.02 6561.02  
 0.00 0.00 0.00 0.00 6561.02 6561.02  
 第37代  
 0.00 0.00 0.00 0.00 6397.72 6397.72  
 0.00 0.00 0.00 0.00 6561.02 6561.02  
 0.00 0.00 0.00 0.00 6561.02 6561.02  
 0.00 0.00 0.00 0.00 6561.02 6561.02  
 第38代  
 0.00 0.00 0.00 0.00 6397.72 6397.72  
 0.00 0.00 0.00 0.00 6397.72 6397.72  
 0.00 0.00 0.00 0.00 6561.02 6561.02  
 0.00 0.00 0.00 0.00 6561.02 6561.02  
 第39代  
 0.00 0.00 0.00 0.00 6397.72 6397.72  
 0.00 0.00 0.00 0.00 6397.72 6397.72  
 0.00 0.00 0.00 0.00 6397.72 6397.72  
 0.00 0.00 0.00 0.00 6397.72 6397.72  
 第40代  
 0.00 0.00 0.00 0.00 6397.72 6397.72  
 0.00 0.00 0.00 0.00 6397.72 6397.72  
 0.00 0.00 0.00 0.00 6397.72 6397.72  
 0.00 0.00 0.00 0.00 6397.72 6397.72  
 第41代  
 0.00 0.00 0.00 0.00 6201.97 6201.97  
 0.00 0.00 0.00 0.00 6397.72 6397.72  
 0.00 0.00 0.00 0.00 6397.72 6397.72  
 0.00 0.00 0.00 0.00 6397.72 6397.72  
 第42代  
 0.00 0.00 0.00 0.00 6201.97 6201.97  
 0.00 0.00 0.00 0.00 6201.97 6201.97  
 0.00 0.00 0.00 0.00 6381.34 6381.34  
 0.00 0.00 0.00 0.00 6397.72 6397.72  
 第43代  
 0.00 0.00 0.00 0.00 6201.97 6201.97  
 0.00 0.00 0.00 0.00 6201.97 6201.97  
 0.00 0.00 0.00 0.00 6201.97 6201.97  
 0.00 0.00 0.00 0.00 6201.97 6201.97  
 第44代  
 0.00 0.00 0.00 0.00 6201.97 6201.97  
 0.00 0.00 0.00 0.00 6201.97 6201.97  
 0.00 0.00 0.00 0.00 6201.97 6201.97  
 0.00 0.00 0.00 0.00 6201.97 6201.97  
 第45代  
 0.00 0.00 0.00 0.00 6112.50 6112.50  
 0.00 0.00 0.00 0.00 6201.97 6201.97  
 0.00 0.00 0.00 0.00 6201.97 6201.97  
 0.00 0.00 0.00 0.00 6201.97 6201.97  
 第46代  
 0.00 0.00 0.00 0.00 6112.50 6112.50  
 0.00 0.00 0.00 0.00 6112.50 6112.50  
 0.00 0.00 0.00 0.00 6201.97 6201.97  
 0.00 0.00 0.00 0.00 6201.97 6201.97  
 第47代  
 0.00 0.00 0.00 0.00 6107.78 6107.78  
 0.00 0.00 0.00 0.00 6112.50 6112.50  
 0.00 0.00 0.00 0.00 6112.50 6112.50  
 0.00 0.00 0.00 0.00 6112.50 6112.50  
 第48代  
 0.00 0.00 0.00 0.00 6107.78 6107.78  
 0.00 0.00 0.00 0.00 6107.78 6107.78  
 0.00 0.00 0.00 0.00 6112.50 6112.50  
 0.00 0.00 0.00 0.00 6112.50 6112.50  
 第49代  
 0.00 0.00 0.00 0.00 6107.78 6107.78  
 0.00 0.00 0.00 0.00 6107.78 6107.78  
 0.00 0.00 0.00 0.00 6107.78 6107.78  
 0.00 0.00 0.00 0.00 6107.78 6107.78  
 第50代  
 0.00 0.00 0.00 0.00 6107.78 6107.78  
 0.00 0.00 0.00 0.00 6107.78 6107.78  
 0.00 0.00 0.00 0.00 6107.78 6107.78  
 0.00 0.00 0.00 0.00 6107.78 6107.78  
 第51代  
 0.00 0.00 0.00 0.00 6107.78 6107.78  
 0.00 0.00 0.00 0.00 6107.78 6107.78  
 0.00 0.00 0.00 0.00 6107.78 6107.78  
 0.00 0.00 0.00 0.00 6107.78 6107.78  
 第52代  
 0.00 0.00 0.00 0.00 5923.10 5923.10  
 0.00 0.00 0.00 0.00 6107.78 6107.78  
 0.00 0.00 0.00 0.00 6107.78 6107.78  
 0.00 0.00 0.00 0.00 6107.78 6107.78  
 第53代  
 0.00 0.00 0.00 0.00 5923.10 5923.10  
 0.00 0.00 0.00 0.00 5923.10 5923.10  
 0.00 0.00 0.00 0.00 6091.22 6091.22  
 0.00 0.00 0.00 0.00 6107.78 6107.78  
 第54代  
 0.00 0.00 0.00 0.00 5923.10 5923.10  
 0.00 0.00 0.00 0.00 5923.10 5923.10  
 0.00 0.00 0.00 0.00 5923.10 5923.10  
 0.00 0.00 0.00 0.00 5923.10 5923.10  
 第55代  
 0.00 0.00 0.00 0.00 5923.10 5923.10  
 0.00 0.00 0.00 0.00 5923.10 5923.10  
 0.00 0.00 0.00 0.00 5923.10 5923.10  
 0.00 0.00 0.00 0.00 5923.10 5923.10  
 第56代  
 0.00 0.00 0.00 0.00 5923.10 5923.10  
 0.00 0.00 0.00 0.00 5923.10 5923.10  
 0.00 0.00 0.00 0.00 5923.10 5923.10  
 0.00 0.00 0.00 0.00 5923.10 5923.10  
 第57代  
 0.00 0.00 0.00 0.00 5854.17 5854.17  
 0.00 0.00 0.00 0.00 5923.10 5923.10  
 0.00 0.00 0.00 0.00 5923.10 5923.10  
 0.00 0.00 0.00 0.00 5923.10 5923.10  
 第58代  
 0.00 0.00 0.00 0.00 5854.17 5854.17  
 0.00 0.00 0.00 0.00 5854.17 5854.17  
 0.00 0.00 0.00 0.00 5923.10 5923.10  
 0.00 0.00 0.00 0.00 5923.10 5923.10  
 第59代  
 0.00 0.00 0.00 0.00 5854.17 5854.17  
 0.00 0.00 0.00 0.00 5854.17 5854.17  
 0.00 0.00 0.00 0.00 5854.17 5854.17  
 0.00 0.00 0.00 0.00 5854.17 5854.17  
 第60代  
 0.00 0.00 0.00 0.00 5854.17 5854.17  
 0.00 0.00 0.00 0.00 5854.17 5854.17  
 0.00 0.00 0.00 0.00 5854.17 5854.17  
 0.00 0.00 0.00 0.00 5854.17 5854.17  
 第61代  
 0.00 0.00 0.00 0.00 5854.17 5854.17  
 0.00 0.00 0.00 0.00 5854.17 5854.17  
 0.00 0.00 0.00 0.00 5854.17 5854.17  
 0.00 0.00 0.00 0.00 5854.17 5854.17  
 第62代  
 0.00 0.00 0.00 0.00 5854.17 5854.17  
 0.00 0.00 0.00 0.00 5854.17 5854.17  
 0.00 0.00 0.00 0.00 5854.17 5854.17  
 0.00 0.00 0.00 0.00 5854.17 5854.17  
 第63代  
 0.00 0.00 0.00 0.00 5854.17 5854.17  
 0.00 0.00 0.00 0.00 5854.17 5854.17  
 0.00 0.00 0.00 0.00 5854.17 5854.17  
 0.00 0.00 0.00 0.00 5854.17 5854.17  
 第64代  
 0.00 0.00 0.00 0.00 5854.17 5854.17  
 0.00 0.00 0.00 0.00 5854.17 5854.17  
 0.00 0.00 0.00 0.00 5854.17 5854.17  
 0.00 0.00 0.00 0.00 5854.17 5854.17  
 第65代  
 0.00 0.00 0.00 0.00 5854.17 5854.17  
 0.00 0.00 0.00 0.00 5854.17 5854.17  
 0.00 0.00 0.00 0.00 5854.17 5854.17  
 0.00 0.00 0.00 0.00 5854.17 5854.17  
 第66代  
 0.00 0.00 0.00 0.00 5854.17 5854.17  
 0.00 0.00 0.00 0.00 5854.17 5854.17  
 0.00 0.00 0.00 0.00 5854.17 5854.17  
 0.00 0.00 0.00 0.00 5854.17 5854.17  
 第67代  
 0.00 0.00 0.00 0.00 5854.17 5854.17  
 0.00 0.00 0.00 0.00 5854.17 5854.17  
 0.00 0.00 0.00 0.00 5854.17 5854.17  
 0.00 0.00 0.00 0.00 5854.17 5854.17  
 第68代  
 0.00 0.00 0.00 0.00 5854.17 5854.17  
 0.00 0.00 0.00 0.00 5854.17 5854.17  
 0.00 0.00 0.00 0.00 5854.17 5854.17  
 0.00 0.00 0.00 0.00 5854.17 5854.17  
 第69代  
 0.00 0.00 0.00 0.00 5854.17 5854.17  
 0.00 0.00 0.00 0.00 5854.17 5854.17  
 0.00 0.00 0.00 0.00 5854.17 5854.17  
 0.00 0.00 0.00 0.00 5854.17 5854.17  
 第70代  
 0.00 0.00 0.00 0.00 5818.17 5818.17  
 0.00 0.00 0.00 0.00 5854.17 5854.17  
 0.00 0.00 0.00 0.00 5854.17 5854.17  
 0.00 0.00 0.00 0.00 5854.17 5854.17  
 第71代  
 0.00 0.00 0.00 0.00 5818.17 5818.17  
 0.00 0.00 0.00 0.00 5818.17 5818.17  
 0.00 0.00 0.00 0.00 5854.17 5854.17  
 0.00 0.00 0.00 0.00 5854.17 5854.17  
 第72代  
 0.00 0.00 0.00 0.00 5818.17 5818.17  
 0.00 0.00 0.00 0.00 5818.17 5818.17  
 0.00 0.00 0.00 0.00 5818.17 5818.17  
 0.00 0.00 0.00 0.00 5818.17 5818.17  
 第73代  
 0.00 0.00 0.00 0.00 5818.17 5818.17  
 0.00 0.00 0.00 0.00 5818.17 5818.17  
 0.00 0.00 0.00 0.00 5818.17 5818.17  
 0.00 0.00 0.00 0.00 5818.17 5818.17  
 第74代  
 0.00 0.00 0.00 0.00 5818.17 5818.17  
 0.00 0.00 0.00 0.00 5818.17 5818.17  
 0.00 0.00 0.00 0.00 5818.17 5818.17  
 0.00 0.00 0.00 0.00 5818.17 5818.17  
 第75代  
 0.00 0.00 0.00 0.00 5818.17 5818.17  
 0.00 0.00 0.00 0.00 5818.17 5818.17  
 0.00 0.00 0.00 0.00 5818.17 5818.17  
 0.00 0.00 0.00 0.00 5818.17 5818.17  
 第76代  
 0.00 0.00 0.00 0.00 5818.17 5818.17  
 0.00 0.00 0.00 0.00 5818.17 5818.17  
 0.00 0.00 0.00 0.00 5818.17 5818.17  
 0.00 0.00 0.00 0.00 5818.17 5818.17  
 第77代  
 0.00 0.00 0.00 0.00 5818.17 5818.17  
 0.00 0.00 0.00 0.00 5818.17 5818.17  
 0.00 0.00 0.00 0.00 5818.17 5818.17  
 0.00 0.00 0.00 0.00 5818.17 5818.17  
 第78代  
 0.00 0.00 0.00 0.00 5818.17 5818.17  
 0.00 0.00 0.00 0.00 5818.17 5818.17  
 0.00 0.00 0.00 0.00 5818.17 5818.17  
 0.00 0.00 0.00 0.00 5818.17 5818.17  
 第79代  
 0.00 0.00 0.00 0.00 5818.17 5818.17  
 0.00 0.00 0.00 0.00 5818.17 5818.17  
 0.00 0.00 0.00 0.00 5818.17 5818.17  
 0.00 0.00 0.00 0.00 5818.17 5818.17  
 第80代  
 0.00 0.00 0.00 0.00 5818.17 5818.17  
 0.00 0.00 0.00 0.00 5818.17 5818.17  
 0.00 0.00 0.00 0.00 5818.17 5818.17  
 0.00 0.00 0.00 0.00 5818.17 5818.17  
 第81代  
 0.00 0.00 0.00 0.00 5818.17 5818.17  
 0.00 0.00 0.00 0.00 5818.17 5818.17  
 0.00 0.00 0.00 0.00 5818.17 5818.17  
 0.00 0.00 0.00 0.00 5818.17 5818.17  
 第82代  
 0.00 0.00 0.00 0.00 5818.17 5818.17  
 0.00 0.00 0.00 0.00 5818.17 5818.17  
 0.00 0.00 0.00 0.00 5818.17 5818.17  
 0.00 0.00 0.00 0.00 5818.17 5818.17  
 第83代  
 0.00 0.00 0.00 0.00 5800.17 5800.17  
 0.00 0.00 0.00 0.00 5818.17 5818.17  
 0.00 0.00 0.00 0.00 5818.17 5818.17  
 0.00 0.00 0.00 0.00 5818.17 5818.17  
 第84代  
 0.00 0.00 0.00 0.00 5800.17 5800.17  
 0.00 0.00 0.00 0.00 5800.17 5800.17  
 0.00 0.00 0.00 0.00 5818.17 5818.17  
 0.00 0.00 0.00 0.00 5818.17 5818.17  
 第85代  
 0.00 0.00 0.00 0.00 5779.29 5779.29  
 0.00 0.00 0.00 0.00 5800.17 5800.17  
 0.00 0.00 0.00 0.00 5800.17 5800.17  
 0.00 0.00 0.00 0.00 5800.17 5800.17  
 第86代  
 0.00 0.00 0.00 0.00 5779.29 5779.29  
 0.00 0.00 0.00 0.00 5779.29 5779.29  
 0.00 0.00 0.00 0.00 5800.17 5800.17  
 0.00 0.00 0.00 0.00 5800.17 5800.17  
 第87代  
 0.00 0.00 0.00 0.00 5779.29 5779.29  
 0.00 0.00 0.00 0.00 5779.29 5779.29  
 0.00 0.00 0.00 0.00 5779.29 5779.29  
 0.00 0.00 0.00 0.00 5779.29 5779.29  
 第88代  
 0.00 0.00 0.00 0.00 5779.29 5779.29  
 0.00 0.00 0.00 0.00 5779.29 5779.29  
 0.00 0.00 0.00 0.00 5779.29 5779.29  
 0.00 0.00 0.00 0.00 5779.29 5779.29  
 第89代  
 0.00 0.00 0.00 0.00 5779.29 5779.29  
 0.00 0.00 0.00 0.00 5779.29 5779.29  
 0.00 0.00 0.00 0.00 5779.29 5779.29  
 0.00 0.00 0.00 0.00 5779.29 5779.29  
 第90代  
 0.00 0.00 0.00 0.00 5779.29 5779.29  
 0.00 0.00 0.00 0.00 5779.29 5779.29  
 0.00 0.00 0.00 0.00 5779.29 5779.29  
 0.00 0.00 0.00 0.00 5779.29 5779.29  
 第91代  
 0.00 0.00 0.00 0.00 5779.29 5779.29  
 0.00 0.00 0.00 0.00 5779.29 5779.29  
 0.00 0.00 0.00 0.00 5779.29 5779.29  
 0.00 0.00 0.00 0.00 5779.29 5779.29  
 第92代  
 0.00 0.00 0.00 0.00 5779.29 5779.29  
 0.00 0.00 0.00 0.00 5779.29 5779.29  
 0.00 0.00 0.00 0.00 5779.29 5779.29  
 0.00 0.00 0.00 0.00 5779.29 5779.29  
 第93代  
 0.00 0.00 0.00 0.00 5779.29 5779.29  
 0.00 0.00 0.00 0.00 5779.29 5779.29  
 0.00 0.00 0.00 0.00 5779.29 5779.29  
 0.00 0.00 0.00 0.00 5779.29 5779.29  
 第94代  
 0.00 0.00 0.00 0.00 5779.29 5779.29  
 0.00 0.00 0.00 0.00 5779.29 5779.29  
 0.00 0.00 0.00 0.00 5779.29 5779.29  
 0.00 0.00 0.00 0.00 5779.29 5779.29  
 第95代  
 0.00 0.00 0.00 0.00 5779.29 5779.29  
 0.00 0.00 0.00 0.00 5779.29 5779.29  
 0.00 0.00 0.00 0.00 5779.29 5779.29  
 0.00 0.00 0.00 0.00 5779.29 5779.29  
 第96代  
 0.00 0.00 0.00 0.00 5779.29 5779.29  
 0.00 0.00 0.00 0.00 5779.29 5779.29  
 0.00 0.00 0.00 0.00 5779.29 5779.29  
 0.00 0.00 0.00 0.00 5779.29 5779.29  
 第97代  
 0.00 0.00 0.00 0.00 5779.29 5779.29  
 0.00 0.00 0.00 0.00 5779.29 5779.29  
 0.00 0.00 0.00 0.00 5779.29 5779.29  
 0.00 0.00 0.00 0.00 5779.29 5779.29  
 第98代  
 0.00 0.00 0.00 0.00 5779.29 5779.29  
 0.00 0.00 0.00 0.00 5779.29 5779.29  
 0.00 0.00 0.00 0.00 5779.29 5779.29  
 0.00 0.00 0.00 0.00 5779.29 5779.29  
 第99代  
 0.00 0.00 0.00 0.00 5779.29 5779.29  
 0.00 0.00 0.00 0.00 5779.29 5779.29  
 0.00 0.00 0.00 0.00 5779.29 5779.29  
 0.00 0.00 0.00 0.00 5779.29 5779.29  
 第100代  
 0.00 0.00 0.00 0.00 5779.29 5779.29  
 0.00 0.00 0.00 0.00 5779.29 5779.29  
 0.00 0.00 0.00 0.00 5779.29 5779.29  
 0.00 0.00 0.00 0.00 5779.29 5779.29  
 