第1代  
 2 (8)(17) |1.22| |1.56| 0.0000 0.0000 0.0000 / 0.4666 -1.0044 0.0000 / 0.5807 -2.4499 0.0000 / 0.0000 0.0000 0.0000 / -0.2418 -1.3487 0.0000 / -0.5850 -3.1230 0.0000 /  
 2 (8)(17) |1.73| |1.74| 0.0000 0.0000 0.0000 / 0.7225 -1.7407 0.0000 / 1.0236 -3.4582 0.0000 / 0.0000 0.0000 0.0000 / -0.4615 -1.4485 0.0000 / -0.7321 -3.4887 0.0000 /  
 2 (8)(17) |1.75| |1.77| 0.0000 0.0000 0.0000 / 0.8471 -1.3844 0.0000 / 0.8951 -3.5083 0.0000 / 0.0000 0.0000 0.0000 / -0.5954 -1.2852 0.0000 / -0.7056 -3.5486 0.0000 /  
 2 (8)(17) |1.59| |1.88| 0.0000 0.0000 0.0000 / 0.9338 -1.1217 0.0000 / 1.0886 -3.1772 0.0000 / 0.0000 0.0000 0.0000 / -0.5349 -1.3081 0.0000 / -0.6216 -3.7625 0.0000 /  
 第2代  
 2 (8)(17) |1.01| |1.32| 0.0000 0.0000 0.0000 / 0.3807 -0.9934 0.0000 / 0.4407 -2.0217 0.0000 / 0.0000 0.0000 0.0000 / -0.4916 -0.9942 0.0000 / -0.9224 -2.6480 0.0000 /  
 2 (8)(17) |1.23| |1.37| 0.0000 0.0000 0.0000 / 0.3059 -0.7344 0.0000 / 0.9346 -2.4602 0.0000 / 0.0000 0.0000 0.0000 / -0.2582 -0.8818 0.0000 / -0.6489 -2.7340 0.0000 /  
 2 (8)(17) |1.22| |1.56| 0.0000 0.0000 0.0000 / 0.4666 -1.0044 0.0000 / 0.5807 -2.4499 0.0000 / 0.0000 0.0000 0.0000 / -0.2418 -1.3487 0.0000 / -0.5850 -3.1230 0.0000 /  
 2 (8)(17) |1.34| |1.66| 0.0000 0.0000 0.0000 / 0.5887 -1.2912 0.0000 / 0.7626 -2.6765 0.0000 / 0.0000 0.0000 0.0000 / -0.3383 -1.1472 0.0000 / -0.3952 -3.3233 0.0000 /  
 第3代  
 2 (8)(17) |1.01| |1.32| 0.0000 0.0000 0.0000 / 0.3807 -0.9934 0.0000 / 0.4407 -2.0217 0.0000 / 0.0000 0.0000 0.0000 / -0.4916 -0.9942 0.0000 / -0.9224 -2.6480 0.0000 /  
 2 (8)(17) |1.01| |1.32| 0.0000 0.0000 0.0000 / 0.3807 -0.9934 0.0000 / 0.4407 -2.0217 0.0000 / 0.0000 0.0000 0.0000 / -0.4916 -0.9942 0.0000 / -0.9224 -2.6480 0.0000 /  
 2 (8)(17) |1.01| |1.35| 0.0000 0.0000 0.0000 / 0.3995 -0.7567 0.0000 / 0.5175 -2.0113 0.0000 / 0.0000 0.0000 0.0000 / -0.2689 -0.9367 0.0000 / -0.5809 -2.7075 0.0000 /  
 2 (8)(17) |1.07| |1.35| 0.0000 0.0000 0.0000 / 0.3815 -0.9972 0.0000 / 0.5803 -2.1468 0.0000 / 0.0000 0.0000 0.0000 / -0.4909 -0.9922 0.0000 / -0.9460 -2.6958 0.0000 /  
 第4代  
 1 (17) |1.25| 0.0000 0.0000 0.0000 / 0.2479 -0.6617 0.0000 / 0.3646 -1.8034 0.0000 / 0.0000 0.0000 0.0000 / -0.2604 -0.8931 0.0000 / -0.5822 -2.4924 0.0000 /  
 2 (8)(17) |1.00| |1.31| 0.0000 0.0000 0.0000 / 0.4422 -0.6422 0.0000 / 0.6062 -2.0013 0.0000 / 0.0000 0.0000 0.0000 / -0.2810 -0.8777 0.0000 / -0.3676 -2.6113 0.0000 /  
 2 (8)(17) |1.01| |1.32| 0.0000 0.0000 0.0000 / 0.3807 -0.9934 0.0000 / 0.4407 -2.0217 0.0000 / 0.0000 0.0000 0.0000 / -0.4916 -0.9942 0.0000 / -0.9224 -2.6480 0.0000 /  
 2 (8)(17) |1.01| |1.32| 0.0000 0.0000 0.0000 / 0.3807 -0.9934 0.0000 / 0.4407 -2.0217 0.0000 / 0.0000 0.0000 0.0000 / -0.4916 -0.9942 0.0000 / -0.9224 -2.6480 0.0000 /  
 第5代  
 0 () || 0.0000 0.0000 0.0000 / 0.4147 -0.6709 0.0000 / 0.4882 -1.6042 0.0000 / 0.0000 0.0000 0.0000 / -0.2588 -0.7733 0.0000 / -0.4218 -1.8779 0.0000 /  
 1 (17) |1.01| 0.0000 0.0000 0.0000 / 0.3491 -0.8374 0.0000 / 0.4502 -1.7548 0.0000 / 0.0000 0.0000 0.0000 / -0.2938 -0.8504 0.0000 / -0.5899 -2.0180 0.0000 /  
 1 (17) |1.19| 0.0000 0.0000 0.0000 / 0.4265 -0.8563 0.0000 / 0.5130 -1.8632 0.0000 / 0.0000 0.0000 0.0000 / -0.2580 -0.8808 0.0000 / -0.8201 -2.3738 0.0000 /  
 1 (17) |1.25| 0.0000 0.0000 0.0000 / 0.2479 -0.6617 0.0000 / 0.3646 -1.8034 0.0000 / 0.0000 0.0000 0.0000 / -0.2604 -0.8931 0.0000 / -0.5822 -2.4924 0.0000 /  
 第6代  
 0 () || 0.0000 0.0000 0.0000 / 0.4147 -0.6709 0.0000 / 0.4882 -1.6042 0.0000 / 0.0000 0.0000 0.0000 / -0.2588 -0.7733 0.0000 / -0.4218 -1.8779 0.0000 /  
 0 () || 0.0000 0.0000 0.0000 / 0.4147 -0.6709 0.0000 / 0.4882 -1.6042 0.0000 / 0.0000 0.0000 0.0000 / -0.2588 -0.7733 0.0000 / -0.4218 -1.8779 0.0000 /  
 1 (17) |1.01| 0.0000 0.0000 0.0000 / 0.3491 -0.8374 0.0000 / 0.4502 -1.7548 0.0000 / 0.0000 0.0000 0.0000 / -0.2938 -0.8504 0.0000 / -0.5899 -2.0180 0.0000 /  
 1 (17) |1.01| 0.0000 0.0000 0.0000 / 0.3491 -0.8374 0.0000 / 0.4502 -1.7548 0.0000 / 0.0000 0.0000 0.0000 / -0.2938 -0.8504 0.0000 / -0.5899 -2.0180 0.0000 /  
 第7代  
 0 () || 0.0000 0.0000 0.0000 / 0.3550 -0.8667 0.0000 / 0.4293 -1.7059 0.0000 / 0.0000 0.0000 0.0000 / -0.2907 -0.8371 0.0000 / -0.3641 -1.8992 0.0000 /  
 0 () || 0.0000 0.0000 0.0000 / 0.4147 -0.6709 0.0000 / 0.4882 -1.6042 0.0000 / 0.0000 0.0000 0.0000 / -0.2588 -0.7733 0.0000 / -0.4218 -1.8779 0.0000 /  
 0 () || 0.0000 0.0000 0.0000 / 0.4147 -0.6709 0.0000 / 0.4882 -1.6042 0.0000 / 0.0000 0.0000 0.0000 / -0.2588 -0.7733 0.0000 / -0.4218 -1.8779 0.0000 /  
 0 () || 0.0000 0.0000 0.0000 / 0.4147 -0.6709 0.0000 / 0.4882 -1.6042 0.0000 / 0.0000 0.0000 0.0000 / -0.2588 -0.7733 0.0000 / -0.4218 -1.8779 0.0000 /  
 第8代  
 0 () || 0.0000 0.0000 0.0000 / 0.3435 -0.8858 0.0000 / 0.5594 -1.7380 0.0000 / 0.0000 0.0000 0.0000 / -0.2566 -0.7897 0.0000 / -0.4314 -1.9962 0.0000 /  
 0 () || 0.0000 0.0000 0.0000 / 0.3550 -0.8667 0.0000 / 0.4293 -1.7059 0.0000 / 0.0000 0.0000 0.0000 / -0.2907 -0.8371 0.0000 / -0.3641 -1.8992 0.0000 /  
 0 () || 0.0000 0.0000 0.0000 / 0.3550 -0.8667 0.0000 / 0.4293 -1.7059 0.0000 / 0.0000 0.0000 0.0000 / -0.2907 -0.8371 0.0000 / -0.3641 -1.8992 0.0000 /  
 0 () || 0.0000 0.0000 0.0000 / 0.2027 -0.8126 0.0000 / 0.2781 -1.8862 0.0000 / 0.0000 0.0000 0.0000 / -0.4923 -0.9961 0.0000 / -0.6493 -1.9748 0.0000 /  
 第9代  
 0 () || 0.0000 0.0000 0.0000 / 0.3435 -0.8858 0.0000 / 0.5594 -1.7380 0.0000 / 0.0000 0.0000 0.0000 / -0.2566 -0.7897 0.0000 / -0.4314 -1.9962 0.0000 /  
 0 () || 0.0000 0.0000 0.0000 / 0.3435 -0.8858 0.0000 / 0.5594 -1.7380 0.0000 / 0.0000 0.0000 0.0000 / -0.2566 -0.7897 0.0000 / -0.4314 -1.9962 0.0000 /  
 0 () || 0.0000 0.0000 0.0000 / 0.3550 -0.8667 0.0000 / 0.4293 -1.7059 0.0000 / 0.0000 0.0000 0.0000 / -0.2907 -0.8371 0.0000 / -0.3641 -1.8992 0.0000 /  
 0 () || 0.0000 0.0000 0.0000 / 0.3550 -0.8667 0.0000 / 0.4293 -1.7059 0.0000 / 0.0000 0.0000 0.0000 / -0.2907 -0.8371 0.0000 / -0.3641 -1.8992 0.0000 /  
 第10代  
 0 () || 0.0000 0.0000 0.0000 / 0.3435 -0.8858 0.0000 / 0.5594 -1.7380 0.0000 / 0.0000 0.0000 0.0000 / -0.2566 -0.7897 0.0000 / -0.4314 -1.9962 0.0000 /  
 0 () || 0.0000 0.0000 0.0000 / 0.3435 -0.8858 0.0000 / 0.5594 -1.7380 0.0000 / 0.0000 0.0000 0.0000 / -0.2566 -0.7897 0.0000 / -0.4314 -1.9962 0.0000 /  
 0 () || 0.0000 0.0000 0.0000 / 0.3435 -0.8858 0.0000 / 0.5594 -1.7380 0.0000 / 0.0000 0.0000 0.0000 / -0.2566 -0.7897 0.0000 / -0.4314 -1.9962 0.0000 /  
 0 () || 0.0000 0.0000 0.0000 / 0.3435 -0.8858 0.0000 / 0.5594 -1.7380 0.0000 / 0.0000 0.0000 0.0000 / -0.2566 -0.7897 0.0000 / -0.4314 -1.9962 0.0000 /  
 第11代  
 0 () || 0.0000 0.0000 0.0000 / 0.3435 -0.8858 0.0000 / 0.5594 -1.7380 0.0000 / 0.0000 0.0000 0.0000 / -0.2566 -0.7897 0.0000 / -0.4314 -1.9962 0.0000 /  
 0 () || 0.0000 0.0000 0.0000 / 0.3435 -0.8858 0.0000 / 0.5594 -1.7380 0.0000 / 0.0000 0.0000 0.0000 / -0.2566 -0.7897 0.0000 / -0.4314 -1.9962 0.0000 /  
 0 () || 0.0000 0.0000 0.0000 / 0.3435 -0.8858 0.0000 / 0.5594 -1.7380 0.0000 / 0.0000 0.0000 0.0000 / -0.2566 -0.7897 0.0000 / -0.4314 -1.9962 0.0000 /  
 0 () || 0.0000 0.0000 0.0000 / 0.3435 -0.8858 0.0000 / 0.5594 -1.7380 0.0000 / 0.0000 0.0000 0.0000 / -0.2566 -0.7897 0.0000 / -0.4314 -1.9962 0.0000 /  
 第12代  
 0 () || 0.0000 0.0000 0.0000 / 0.3435 -0.8858 0.0000 / 0.5594 -1.7380 0.0000 / 0.0000 0.0000 0.0000 / -0.2566 -0.7897 0.0000 / -0.4314 -1.9962 0.0000 /  
 0 () || 0.0000 0.0000 0.0000 / 0.3435 -0.8858 0.0000 / 0.5594 -1.7380 0.0000 / 0.0000 0.0000 0.0000 / -0.2566 -0.7897 0.0000 / -0.4314 -1.9962 0.0000 /  
 0 () || 0.0000 0.0000 0.0000 / 0.3435 -0.8858 0.0000 / 0.5594 -1.7380 0.0000 / 0.0000 0.0000 0.0000 / -0.2566 -0.7897 0.0000 / -0.4314 -1.9962 0.0000 /  
 0 () || 0.0000 0.0000 0.0000 / 0.3435 -0.8858 0.0000 / 0.5594 -1.7380 0.0000 / 0.0000 0.0000 0.0000 / -0.2566 -0.7897 0.0000 / -0.4314 -1.9962 0.0000 /  
 第13代  
 0 () || 0.0000 0.0000 0.0000 / 0.3435 -0.8858 0.0000 / 0.5594 -1.7380 0.0000 / 0.0000 0.0000 0.0000 / -0.2566 -0.7897 0.0000 / -0.4314 -1.9962 0.0000 /  
 0 () || 0.0000 0.0000 0.0000 / 0.3435 -0.8858 0.0000 / 0.5594 -1.7380 0.0000 / 0.0000 0.0000 0.0000 / -0.2566 -0.7897 0.0000 / -0.4314 -1.9962 0.0000 /  
 0 () || 0.0000 0.0000 0.0000 / 0.3435 -0.8858 0.0000 / 0.5594 -1.7380 0.0000 / 0.0000 0.0000 0.0000 / -0.2566 -0.7897 0.0000 / -0.4314 -1.9962 0.0000 /  
 0 () || 0.0000 0.0000 0.0000 / 0.3435 -0.8858 0.0000 / 0.5594 -1.7380 0.0000 / 0.0000 0.0000 0.0000 / -0.2566 -0.7897 0.0000 / -0.4314 -1.9962 0.0000 /  
 第14代  
 0 () || 0.0000 0.0000 0.0000 / 0.3435 -0.8858 0.0000 / 0.5594 -1.7380 0.0000 / 0.0000 0.0000 0.0000 / -0.2566 -0.7897 0.0000 / -0.4314 -1.9962 0.0000 /  
 0 () || 0.0000 0.0000 0.0000 / 0.3435 -0.8858 0.0000 / 0.5594 -1.7380 0.0000 / 0.0000 0.0000 0.0000 / -0.2566 -0.7897 0.0000 / -0.4314 -1.9962 0.0000 /  
 0 () || 0.0000 0.0000 0.0000 / 0.3435 -0.8858 0.0000 / 0.5594 -1.7380 0.0000 / 0.0000 0.0000 0.0000 / -0.2566 -0.7897 0.0000 / -0.4314 -1.9962 0.0000 /  
 0 () || 0.0000 0.0000 0.0000 / 0.3435 -0.8858 0.0000 / 0.5594 -1.7380 0.0000 / 0.0000 0.0000 0.0000 / -0.2566 -0.7897 0.0000 / -0.4314 -1.9962 0.0000 /  
 第15代  
 0 () || 0.0000 0.0000 0.0000 / 0.3548 -0.8425 0.0000 / 0.5422 -1.7366 0.0000 / 0.0000 0.0000 0.0000 / -0.2509 -0.7635 0.0000 / -0.4378 -1.9939 0.0000 /  
 0 () || 0.0000 0.0000 0.0000 / 0.3435 -0.8858 0.0000 / 0.5594 -1.7380 0.0000 / 0.0000 0.0000 0.0000 / -0.2566 -0.7897 0.0000 / -0.4314 -1.9962 0.0000 /  
 0 () || 0.0000 0.0000 0.0000 / 0.3435 -0.8858 0.0000 / 0.5594 -1.7380 0.0000 / 0.0000 0.0000 0.0000 / -0.2566 -0.7897 0.0000 / -0.4314 -1.9962 0.0000 /  
 0 () || 0.0000 0.0000 0.0000 / 0.3435 -0.8858 0.0000 / 0.5594 -1.7380 0.0000 / 0.0000 0.0000 0.0000 / -0.2566 -0.7897 0.0000 / -0.4314 -1.9962 0.0000 /  
 第16代  
 0 () || 0.0000 0.0000 0.0000 / 0.3548 -0.8425 0.0000 / 0.5422 -1.7366 0.0000 / 0.0000 0.0000 0.0000 / -0.2509 -0.7635 0.0000 / -0.4378 -1.9939 0.0000 /  
 0 () || 0.0000 0.0000 0.0000 / 0.3548 -0.8425 0.0000 / 0.5422 -1.7366 0.0000 / 0.0000 0.0000 0.0000 / -0.2509 -0.7635 0.0000 / -0.4378 -1.9939 0.0000 /  
 0 () || 0.0000 0.0000 0.0000 / 0.3435 -0.8858 0.0000 / 0.5594 -1.7380 0.0000 / 0.0000 0.0000 0.0000 / -0.2566 -0.7897 0.0000 / -0.4314 -1.9962 0.0000 /  
 0 () || 0.0000 0.0000 0.0000 / 0.3435 -0.8858 0.0000 / 0.5594 -1.7380 0.0000 / 0.0000 0.0000 0.0000 / -0.2566 -0.7897 0.0000 / -0.4314 -1.9962 0.0000 /  
 第17代  
 0 () || 0.0000 0.0000 0.0000 / 0.3548 -0.8425 0.0000 / 0.5422 -1.7366 0.0000 / 0.0000 0.0000 0.0000 / -0.2509 -0.7635 0.0000 / -0.4378 -1.9939 0.0000 /  
 0 () || 0.0000 0.0000 0.0000 / 0.3548 -0.8425 0.0000 / 0.5422 -1.7366 0.0000 / 0.0000 0.0000 0.0000 / -0.2509 -0.7635 0.0000 / -0.4378 -1.9939 0.0000 /  
 0 () || 0.0000 0.0000 0.0000 / 0.3548 -0.8425 0.0000 / 0.5422 -1.7366 0.0000 / 0.0000 0.0000 0.0000 / -0.2509 -0.7635 0.0000 / -0.4378 -1.9939 0.0000 /  
 0 () || 0.0000 0.0000 0.0000 / 0.3548 -0.8425 0.0000 / 0.5422 -1.7366 0.0000 / 0.0000 0.0000 0.0000 / -0.2509 -0.7635 0.0000 / -0.4378 -1.9939 0.0000 /  
 第18代  
 0 () || 0.0000 0.0000 0.0000 / 0.3548 -0.8425 0.0000 / 0.5422 -1.7366 0.0000 / 0.0000 0.0000 0.0000 / -0.2509 -0.7635 0.0000 / -0.4378 -1.9939 0.0000 /  
 0 () || 0.0000 0.0000 0.0000 / 0.3548 -0.8425 0.0000 / 0.5422 -1.7366 0.0000 / 0.0000 0.0000 0.0000 / -0.2509 -0.7635 0.0000 / -0.4378 -1.9939 0.0000 /  
 0 () || 0.0000 0.0000 0.0000 / 0.3548 -0.8425 0.0000 / 0.5422 -1.7366 0.0000 / 0.0000 0.0000 0.0000 / -0.2509 -0.7635 0.0000 / -0.4378 -1.9939 0.0000 /  
 0 () || 0.0000 0.0000 0.0000 / 0.3548 -0.8425 0.0000 / 0.5422 -1.7366 0.0000 / 0.0000 0.0000 0.0000 / -0.2509 -0.7635 0.0000 / -0.4378 -1.9939 0.0000 /  
 第19代  
 0 () || 0.0000 0.0000 0.0000 / 0.3548 -0.8425 0.0000 / 0.5422 -1.7366 0.0000 / 0.0000 0.0000 0.0000 / -0.2509 -0.7635 0.0000 / -0.4378 -1.9939 0.0000 /  
 0 () || 0.0000 0.0000 0.0000 / 0.3548 -0.8425 0.0000 / 0.5422 -1.7366 0.0000 / 0.0000 0.0000 0.0000 / -0.2509 -0.7635 0.0000 / -0.4378 -1.9939 0.0000 /  
 0 () || 0.0000 0.0000 0.0000 / 0.3548 -0.8425 0.0000 / 0.5422 -1.7366 0.0000 / 0.0000 0.0000 0.0000 / -0.2509 -0.7635 0.0000 / -0.4378 -1.9939 0.0000 /  
 0 () || 0.0000 0.0000 0.0000 / 0.3548 -0.8425 0.0000 / 0.5422 -1.7366 0.0000 / 0.0000 0.0000 0.0000 / -0.2509 -0.7635 0.0000 / -0.4378 -1.9939 0.0000 /  
 第20代  
 0 () || 0.0000 0.0000 0.0000 / 0.3548 -0.8425 0.0000 / 0.5422 -1.7366 0.0000 / 0.0000 0.0000 0.0000 / -0.2509 -0.7635 0.0000 / -0.4378 -1.9939 0.0000 /  
 0 () || 0.0000 0.0000 0.0000 / 0.3548 -0.8425 0.0000 / 0.5422 -1.7366 0.0000 / 0.0000 0.0000 0.0000 / -0.2509 -0.7635 0.0000 / -0.4378 -1.9939 0.0000 /  
 0 () || 0.0000 0.0000 0.0000 / 0.3548 -0.8425 0.0000 / 0.5422 -1.7366 0.0000 / 0.0000 0.0000 0.0000 / -0.2509 -0.7635 0.0000 / -0.4378 -1.9939 0.0000 /  
 0 () || 0.0000 0.0000 0.0000 / 0.3548 -0.8425 0.0000 / 0.5422 -1.7366 0.0000 / 0.0000 0.0000 0.0000 / -0.2509 -0.7635 0.0000 / -0.4378 -1.9939 0.0000 /  
 第21代  
 0 () || 0.0000 0.0000 0.0000 / 0.3548 -0.8425 0.0000 / 0.5422 -1.7366 0.0000 / 0.0000 0.0000 0.0000 / -0.2509 -0.7635 0.0000 / -0.4378 -1.9939 0.0000 /  
 0 () || 0.0000 0.0000 0.0000 / 0.3548 -0.8425 0.0000 / 0.5422 -1.7366 0.0000 / 0.0000 0.0000 0.0000 / -0.2509 -0.7635 0.0000 / -0.4378 -1.9939 0.0000 /  
 0 () || 0.0000 0.0000 0.0000 / 0.3548 -0.8425 0.0000 / 0.5422 -1.7366 0.0000 / 0.0000 0.0000 0.0000 / -0.2509 -0.7635 0.0000 / -0.4378 -1.9939 0.0000 /  
 0 () || 0.0000 0.0000 0.0000 / 0.3548 -0.8425 0.0000 / 0.5422 -1.7366 0.0000 / 0.0000 0.0000 0.0000 / -0.2509 -0.7635 0.0000 / -0.4378 -1.9939 0.0000 /  
 第22代  
 0 () || 0.0000 0.0000 0.0000 / 0.3548 -0.8425 0.0000 / 0.5422 -1.7366 0.0000 / 0.0000 0.0000 0.0000 / -0.2509 -0.7635 0.0000 / -0.4378 -1.9939 0.0000 /  
 0 () || 0.0000 0.0000 0.0000 / 0.3548 -0.8425 0.0000 / 0.5422 -1.7366 0.0000 / 0.0000 0.0000 0.0000 / -0.2509 -0.7635 0.0000 / -0.4378 -1.9939 0.0000 /  
 0 () || 0.0000 0.0000 0.0000 / 0.3548 -0.8425 0.0000 / 0.5422 -1.7366 0.0000 / 0.0000 0.0000 0.0000 / -0.2509 -0.7635 0.0000 / -0.4378 -1.9939 0.0000 /  
 0 () || 0.0000 0.0000 0.0000 / 0.3548 -0.8425 0.0000 / 0.5422 -1.7366 0.0000 / 0.0000 0.0000 0.0000 / -0.2509 -0.7635 0.0000 / -0.4378 -1.9939 0.0000 /  
 第23代  
 0 () || 0.0000 0.0000 0.0000 / 0.3548 -0.8425 0.0000 / 0.5422 -1.7366 0.0000 / 0.0000 0.0000 0.0000 / -0.2509 -0.7635 0.0000 / -0.4378 -1.9939 0.0000 /  
 0 () || 0.0000 0.0000 0.0000 / 0.3548 -0.8425 0.0000 / 0.5422 -1.7366 0.0000 / 0.0000 0.0000 0.0000 / -0.2509 -0.7635 0.0000 / -0.4378 -1.9939 0.0000 /  
 0 () || 0.0000 0.0000 0.0000 / 0.3548 -0.8425 0.0000 / 0.5422 -1.7366 0.0000 / 0.0000 0.0000 0.0000 / -0.2509 -0.7635 0.0000 / -0.4378 -1.9939 0.0000 /  
 0 () || 0.0000 0.0000 0.0000 / 0.3548 -0.8425 0.0000 / 0.5422 -1.7366 0.0000 / 0.0000 0.0000 0.0000 / -0.2509 -0.7635 0.0000 / -0.4378 -1.9939 0.0000 /  
 第24代  
 0 () || 0.0000 0.0000 0.0000 / 0.3548 -0.8425 0.0000 / 0.5422 -1.7366 0.0000 / 0.0000 0.0000 0.0000 / -0.2509 -0.7635 0.0000 / -0.4378 -1.9939 0.0000 /  
 0 () || 0.0000 0.0000 0.0000 / 0.3548 -0.8425 0.0000 / 0.5422 -1.7366 0.0000 / 0.0000 0.0000 0.0000 / -0.2509 -0.7635 0.0000 / -0.4378 -1.9939 0.0000 /  
 0 () || 0.0000 0.0000 0.0000 / 0.3548 -0.8425 0.0000 / 0.5422 -1.7366 0.0000 / 0.0000 0.0000 0.0000 / -0.2509 -0.7635 0.0000 / -0.4378 -1.9939 0.0000 /  
 0 () || 0.0000 0.0000 0.0000 / 0.3548 -0.8425 0.0000 / 0.5422 -1.7366 0.0000 / 0.0000 0.0000 0.0000 / -0.2509 -0.7635 0.0000 / -0.4378 -1.9939 0.0000 /  
 第25代  
 0 () || 0.0000 0.0000 0.0000 / 0.3548 -0.8425 0.0000 / 0.5422 -1.7366 0.0000 / 0.0000 0.0000 0.0000 / -0.2509 -0.7635 0.0000 / -0.4378 -1.9939 0.0000 /  
 0 () || 0.0000 0.0000 0.0000 / 0.3548 -0.8425 0.0000 / 0.5422 -1.7366 0.0000 / 0.0000 0.0000 0.0000 / -0.2509 -0.7635 0.0000 / -0.4378 -1.9939 0.0000 /  
 0 () || 0.0000 0.0000 0.0000 / 0.3548 -0.8425 0.0000 / 0.5422 -1.7366 0.0000 / 0.0000 0.0000 0.0000 / -0.2509 -0.7635 0.0000 / -0.4378 -1.9939 0.0000 /  
 0 () || 0.0000 0.0000 0.0000 / 0.3548 -0.8425 0.0000 / 0.5422 -1.7366 0.0000 / 0.0000 0.0000 0.0000 / -0.2509 -0.7635 0.0000 / -0.4378 -1.9939 0.0000 /  
 第26代  
 0 () || 0.0000 0.0000 0.0000 / 0.3548 -0.8425 0.0000 / 0.5422 -1.7366 0.0000 / 0.0000 0.0000 0.0000 / -0.2509 -0.7635 0.0000 / -0.4378 -1.9939 0.0000 /  
 0 () || 0.0000 0.0000 0.0000 / 0.3548 -0.8425 0.0000 / 0.5422 -1.7366 0.0000 / 0.0000 0.0000 0.0000 / -0.2509 -0.7635 0.0000 / -0.4378 -1.9939 0.0000 /  
 0 () || 0.0000 0.0000 0.0000 / 0.3548 -0.8425 0.0000 / 0.5422 -1.7366 0.0000 / 0.0000 0.0000 0.0000 / -0.2509 -0.7635 0.0000 / -0.4378 -1.9939 0.0000 /  
 0 () || 0.0000 0.0000 0.0000 / 0.3548 -0.8425 0.0000 / 0.5422 -1.7366 0.0000 / 0.0000 0.0000 0.0000 / -0.2509 -0.7635 0.0000 / -0.4378 -1.9939 0.0000 /  
 第27代  
 0 () || 0.0000 0.0000 0.0000 / 0.3543 -0.8404 0.0000 / 0.4910 -1.7283 0.0000 / 0.0000 0.0000 0.0000 / -0.2511 -0.7646 0.0000 / -0.4371 -1.9887 0.0000 /  
 0 () || 0.0000 0.0000 0.0000 / 0.3548 -0.8425 0.0000 / 0.5422 -1.7366 0.0000 / 0.0000 0.0000 0.0000 / -0.2509 -0.7635 0.0000 / -0.4378 -1.9939 0.0000 /  
 0 () || 0.0000 0.0000 0.0000 / 0.3548 -0.8425 0.0000 / 0.5422 -1.7366 0.0000 / 0.0000 0.0000 0.0000 / -0.2509 -0.7635 0.0000 / -0.4378 -1.9939 0.0000 /  
 0 () || 0.0000 0.0000 0.0000 / 0.3548 -0.8425 0.0000 / 0.5422 -1.7366 0.0000 / 0.0000 0.0000 0.0000 / -0.2509 -0.7635 0.0000 / -0.4378 -1.9939 0.0000 /  
 第28代  
 0 () || 0.0000 0.0000 0.0000 / 0.3543 -0.8404 0.0000 / 0.4910 -1.7283 0.0000 / 0.0000 0.0000 0.0000 / -0.2511 -0.7646 0.0000 / -0.4371 -1.9887 0.0000 /  
 0 () || 0.0000 0.0000 0.0000 / 0.3543 -0.8404 0.0000 / 0.4910 -1.7283 0.0000 / 0.0000 0.0000 0.0000 / -0.2511 -0.7646 0.0000 / -0.4371 -1.9887 0.0000 /  
 0 () || 0.0000 0.0000 0.0000 / 0.3548 -0.8425 0.0000 / 0.5422 -1.7366 0.0000 / 0.0000 0.0000 0.0000 / -0.2509 -0.7635 0.0000 / -0.4378 -1.9939 0.0000 /  
 0 () || 0.0000 0.0000 0.0000 / 0.3548 -0.8425 0.0000 / 0.5422 -1.7366 0.0000 / 0.0000 0.0000 0.0000 / -0.2509 -0.7635 0.0000 / -0.4378 -1.9939 0.0000 /  
 第29代  
 0 () || 0.0000 0.0000 0.0000 / 0.3543 -0.8404 0.0000 / 0.4910 -1.7283 0.0000 / 0.0000 0.0000 0.0000 / -0.2511 -0.7646 0.0000 / -0.4371 -1.9887 0.0000 /  
 0 () || 0.0000 0.0000 0.0000 / 0.3543 -0.8404 0.0000 / 0.4910 -1.7283 0.0000 / 0.0000 0.0000 0.0000 / -0.2511 -0.7646 0.0000 / -0.4371 -1.9887 0.0000 /  
 0 () || 0.0000 0.0000 0.0000 / 0.3543 -0.8404 0.0000 / 0.4910 -1.7283 0.0000 / 0.0000 0.0000 0.0000 / -0.2511 -0.7646 0.0000 / -0.4371 -1.9887 0.0000 /  
 0 () || 0.0000 0.0000 0.0000 / 0.3543 -0.8404 0.0000 / 0.4910 -1.7283 0.0000 / 0.0000 0.0000 0.0000 / -0.2511 -0.7646 0.0000 / -0.4371 -1.9887 0.0000 /  
 第30代  
 0 () || 0.0000 0.0000 0.0000 / 0.3543 -0.8404 0.0000 / 0.4910 -1.7283 0.0000 / 0.0000 0.0000 0.0000 / -0.2511 -0.7646 0.0000 / -0.4371 -1.9887 0.0000 /  
 0 () || 0.0000 0.0000 0.0000 / 0.3543 -0.8404 0.0000 / 0.4910 -1.7283 0.0000 / 0.0000 0.0000 0.0000 / -0.2511 -0.7646 0.0000 / -0.4371 -1.9887 0.0000 /  
 0 () || 0.0000 0.0000 0.0000 / 0.3543 -0.8404 0.0000 / 0.4910 -1.7283 0.0000 / 0.0000 0.0000 0.0000 / -0.2511 -0.7646 0.0000 / -0.4371 -1.9887 0.0000 /  
 0 () || 0.0000 0.0000 0.0000 / 0.3543 -0.8404 0.0000 / 0.4910 -1.7283 0.0000 / 0.0000 0.0000 0.0000 / -0.2511 -0.7646 0.0000 / -0.4371 -1.9887 0.0000 /  
 第31代  
 0 () || 0.0000 0.0000 0.0000 / 0.3543 -0.8404 0.0000 / 0.4910 -1.7283 0.0000 / 0.0000 0.0000 0.0000 / -0.2511 -0.7646 0.0000 / -0.4371 -1.9887 0.0000 /  
 0 () || 0.0000 0.0000 0.0000 / 0.3543 -0.8404 0.0000 / 0.4910 -1.7283 0.0000 / 0.0000 0.0000 0.0000 / -0.2511 -0.7646 0.0000 / -0.4371 -1.9887 0.0000 /  
 0 () || 0.0000 0.0000 0.0000 / 0.3543 -0.8404 0.0000 / 0.4910 -1.7283 0.0000 / 0.0000 0.0000 0.0000 / -0.2511 -0.7646 0.0000 / -0.4371 -1.9887 0.0000 /  
 0 () || 0.0000 0.0000 0.0000 / 0.3543 -0.8404 0.0000 / 0.4910 -1.7283 0.0000 / 0.0000 0.0000 0.0000 / -0.2511 -0.7646 0.0000 / -0.4371 -1.9887 0.0000 /  
 第32代  
 0 () || 0.0000 0.0000 0.0000 / 0.3543 -0.8404 0.0000 / 0.4910 -1.7283 0.0000 / 0.0000 0.0000 0.0000 / -0.2511 -0.7646 0.0000 / -0.4371 -1.9887 0.0000 /  
 0 () || 0.0000 0.0000 0.0000 / 0.3543 -0.8404 0.0000 / 0.4910 -1.7283 0.0000 / 0.0000 0.0000 0.0000 / -0.2511 -0.7646 0.0000 / -0.4371 -1.9887 0.0000 /  
 0 () || 0.0000 0.0000 0.0000 / 0.3543 -0.8404 0.0000 / 0.4910 -1.7283 0.0000 / 0.0000 0.0000 0.0000 / -0.2511 -0.7646 0.0000 / -0.4371 -1.9887 0.0000 /  
 0 () || 0.0000 0.0000 0.0000 / 0.3543 -0.8404 0.0000 / 0.4910 -1.7283 0.0000 / 0.0000 0.0000 0.0000 / -0.2511 -0.7646 0.0000 / -0.4371 -1.9887 0.0000 /  
 第33代  
 0 () || 0.0000 0.0000 0.0000 / 0.3520 -0.8299 0.0000 / 0.4968 -1.8031 0.0000 / 0.0000 0.0000 0.0000 / -0.2523 -0.7701 0.0000 / -0.4334 -1.9630 0.0000 /  
 0 () || 0.0000 0.0000 0.0000 / 0.3543 -0.8404 0.0000 / 0.4910 -1.7283 0.0000 / 0.0000 0.0000 0.0000 / -0.2511 -0.7646 0.0000 / -0.4371 -1.9887 0.0000 /  
 0 () || 0.0000 0.0000 0.0000 / 0.3543 -0.8404 0.0000 / 0.4910 -1.7283 0.0000 / 0.0000 0.0000 0.0000 / -0.2511 -0.7646 0.0000 / -0.4371 -1.9887 0.0000 /  
 0 () || 0.0000 0.0000 0.0000 / 0.3543 -0.8404 0.0000 / 0.4910 -1.7283 0.0000 / 0.0000 0.0000 0.0000 / -0.2511 -0.7646 0.0000 / -0.4371 -1.9887 0.0000 /  
 第34代  
 0 () || 0.0000 0.0000 0.0000 / 0.3520 -0.8299 0.0000 / 0.4968 -1.8031 0.0000 / 0.0000 0.0000 0.0000 / -0.2523 -0.7701 0.0000 / -0.4334 -1.9630 0.0000 /  
 0 () || 0.0000 0.0000 0.0000 / 0.3520 -0.8299 0.0000 / 0.4968 -1.8031 0.0000 / 0.0000 0.0000 0.0000 / -0.2523 -0.7701 0.0000 / -0.4334 -1.9630 0.0000 /  
 0 () || 0.0000 0.0000 0.0000 / 0.3543 -0.8404 0.0000 / 0.4910 -1.7283 0.0000 / 0.0000 0.0000 0.0000 / -0.2511 -0.7646 0.0000 / -0.4371 -1.9887 0.0000 /  
 0 () || 0.0000 0.0000 0.0000 / 0.3543 -0.8404 0.0000 / 0.4910 -1.7283 0.0000 / 0.0000 0.0000 0.0000 / -0.2511 -0.7646 0.0000 / -0.4371 -1.9887 0.0000 /  
 第35代  
 0 () || 0.0000 0.0000 0.0000 / 0.3520 -0.8299 0.0000 / 0.4968 -1.8031 0.0000 / 0.0000 0.0000 0.0000 / -0.2523 -0.7701 0.0000 / -0.4334 -1.9630 0.0000 /  
 0 () || 0.0000 0.0000 0.0000 / 0.3520 -0.8299 0.0000 / 0.4968 -1.8031 0.0000 / 0.0000 0.0000 0.0000 / -0.2523 -0.7701 0.0000 / -0.4334 -1.9630 0.0000 /  
 0 () || 0.0000 0.0000 0.0000 / 0.3520 -0.8299 0.0000 / 0.4968 -1.8031 0.0000 / 0.0000 0.0000 0.0000 / -0.2523 -0.7701 0.0000 / -0.4334 -1.9630 0.0000 /  
 0 () || 0.0000 0.0000 0.0000 / 0.3520 -0.8299 0.0000 / 0.4968 -1.8031 0.0000 / 0.0000 0.0000 0.0000 / -0.2523 -0.7701 0.0000 / -0.4334 -1.9630 0.0000 /  
 第36代  
 0 () || 0.0000 0.0000 0.0000 / 0.3520 -0.8299 0.0000 / 0.4968 -1.8031 0.0000 / 0.0000 0.0000 0.0000 / -0.2523 -0.7701 0.0000 / -0.4334 -1.9630 0.0000 /  
 0 () || 0.0000 0.0000 0.0000 / 0.3520 -0.8299 0.0000 / 0.4968 -1.8031 0.0000 / 0.0000 0.0000 0.0000 / -0.2523 -0.7701 0.0000 / -0.4334 -1.9630 0.0000 /  
 0 () || 0.0000 0.0000 0.0000 / 0.3520 -0.8299 0.0000 / 0.4968 -1.8031 0.0000 / 0.0000 0.0000 0.0000 / -0.2523 -0.7701 0.0000 / -0.4334 -1.9630 0.0000 /  
 0 () || 0.0000 0.0000 0.0000 / 0.3520 -0.8299 0.0000 / 0.4968 -1.8031 0.0000 / 0.0000 0.0000 0.0000 / -0.2523 -0.7701 0.0000 / -0.4334 -1.9630 0.0000 /  
 第37代  
 0 () || 0.0000 0.0000 0.0000 / 0.2399 -0.8012 0.0000 / 0.3135 -1.7455 0.0000 / 0.0000 0.0000 0.0000 / -0.2400 -0.7141 0.0000 / -0.4633 -1.9328 0.0000 /  
 0 () || 0.0000 0.0000 0.0000 / 0.3520 -0.8299 0.0000 / 0.4968 -1.8031 0.0000 / 0.0000 0.0000 0.0000 / -0.2523 -0.7701 0.0000 / -0.4334 -1.9630 0.0000 /  
 0 () || 0.0000 0.0000 0.0000 / 0.3520 -0.8299 0.0000 / 0.4968 -1.8031 0.0000 / 0.0000 0.0000 0.0000 / -0.2523 -0.7701 0.0000 / -0.4334 -1.9630 0.0000 /  
 0 () || 0.0000 0.0000 0.0000 / 0.3520 -0.8299 0.0000 / 0.4968 -1.8031 0.0000 / 0.0000 0.0000 0.0000 / -0.2523 -0.7701 0.0000 / -0.4334 -1.9630 0.0000 /  
 第38代  
 0 () || 0.0000 0.0000 0.0000 / 0.2399 -0.8012 0.0000 / 0.3135 -1.7455 0.0000 / 0.0000 0.0000 0.0000 / -0.2400 -0.7141 0.0000 / -0.4633 -1.9328 0.0000 /  
 0 () || 0.0000 0.0000 0.0000 / 0.2399 -0.8012 0.0000 / 0.3135 -1.7455 0.0000 / 0.0000 0.0000 0.0000 / -0.2400 -0.7141 0.0000 / -0.4633 -1.9328 0.0000 /  
 0 () || 0.0000 0.0000 0.0000 / 0.3520 -0.8299 0.0000 / 0.4968 -1.8031 0.0000 / 0.0000 0.0000 0.0000 / -0.2523 -0.7701 0.0000 / -0.4334 -1.9630 0.0000 /  
 0 () || 0.0000 0.0000 0.0000 / 0.3520 -0.8299 0.0000 / 0.4968 -1.8031 0.0000 / 0.0000 0.0000 0.0000 / -0.2523 -0.7701 0.0000 / -0.4334 -1.9630 0.0000 /  
 第39代  
 0 () || 0.0000 0.0000 0.0000 / 0.2399 -0.8012 0.0000 / 0.3135 -1.7455 0.0000 / 0.0000 0.0000 0.0000 / -0.2400 -0.7141 0.0000 / -0.4633 -1.9328 0.0000 /  
 0 () || 0.0000 0.0000 0.0000 / 0.2399 -0.8012 0.0000 / 0.3135 -1.7455 0.0000 / 0.0000 0.0000 0.0000 / -0.2400 -0.7141 0.0000 / -0.4633 -1.9328 0.0000 /  
 0 () || 0.0000 0.0000 0.0000 / 0.2399 -0.8012 0.0000 / 0.3135 -1.7455 0.0000 / 0.0000 0.0000 0.0000 / -0.2400 -0.7141 0.0000 / -0.4633 -1.9328 0.0000 /  
 0 () || 0.0000 0.0000 0.0000 / 0.2399 -0.8012 0.0000 / 0.3135 -1.7455 0.0000 / 0.0000 0.0000 0.0000 / -0.2400 -0.7141 0.0000 / -0.4633 -1.9328 0.0000 /  
 第40代  
 0 () || 0.0000 0.0000 0.0000 / 0.2399 -0.8012 0.0000 / 0.3135 -1.7455 0.0000 / 0.0000 0.0000 0.0000 / -0.2400 -0.7141 0.0000 / -0.4633 -1.9328 0.0000 /  
 0 () || 0.0000 0.0000 0.0000 / 0.2399 -0.8012 0.0000 / 0.3135 -1.7455 0.0000 / 0.0000 0.0000 0.0000 / -0.2400 -0.7141 0.0000 / -0.4633 -1.9328 0.0000 /  
 0 () || 0.0000 0.0000 0.0000 / 0.2399 -0.8012 0.0000 / 0.3135 -1.7455 0.0000 / 0.0000 0.0000 0.0000 / -0.2400 -0.7141 0.0000 / -0.4633 -1.9328 0.0000 /  
 0 () || 0.0000 0.0000 0.0000 / 0.2399 -0.8012 0.0000 / 0.3135 -1.7455 0.0000 / 0.0000 0.0000 0.0000 / -0.2400 -0.7141 0.0000 / -0.4633 -1.9328 0.0000 /  
 第41代  
 0 () || 0.0000 0.0000 0.0000 / 0.2899 -0.6749 0.0000 / 0.3958 -1.8574 0.0000 / 0.0000 0.0000 0.0000 / -0.2933 -0.8621 0.0000 / -0.5321 -1.9553 0.0000 /  
 0 () || 0.0000 0.0000 0.0000 / 0.2399 -0.8012 0.0000 / 0.3135 -1.7455 0.0000 / 0.0000 0.0000 0.0000 / -0.2400 -0.7141 0.0000 / -0.4633 -1.9328 0.0000 /  
 0 () || 0.0000 0.0000 0.0000 / 0.2399 -0.8012 0.0000 / 0.3135 -1.7455 0.0000 / 0.0000 0.0000 0.0000 / -0.2400 -0.7141 0.0000 / -0.4633 -1.9328 0.0000 /  
 0 () || 0.0000 0.0000 0.0000 / 0.2399 -0.8012 0.0000 / 0.3135 -1.7455 0.0000 / 0.0000 0.0000 0.0000 / -0.2400 -0.7141 0.0000 / -0.4633 -1.9328 0.0000 /  
 第42代  
 0 () || 0.0000 0.0000 0.0000 / 0.2899 -0.6749 0.0000 / 0.3958 -1.8574 0.0000 / 0.0000 0.0000 0.0000 / -0.2933 -0.8621 0.0000 / -0.5321 -1.9553 0.0000 /  
 0 () || 0.0000 0.0000 0.0000 / 0.2899 -0.6749 0.0000 / 0.3958 -1.8574 0.0000 / 0.0000 0.0000 0.0000 / -0.2933 -0.8621 0.0000 / -0.5321 -1.9553 0.0000 /  
 0 () || 0.0000 0.0000 0.0000 / 0.2379 -0.7884 0.0000 / 0.3181 -1.8264 0.0000 / 0.0000 0.0000 0.0000 / -0.2416 -0.7214 0.0000 / -0.4779 -1.9576 0.0000 /  
 0 () || 0.0000 0.0000 0.0000 / 0.2399 -0.8012 0.0000 / 0.3135 -1.7455 0.0000 / 0.0000 0.0000 0.0000 / -0.2400 -0.7141 0.0000 / -0.4633 -1.9328 0.0000 /  
 第43代  
 0 () || 0.0000 0.0000 0.0000 / 0.2899 -0.6749 0.0000 / 0.3958 -1.8574 0.0000 / 0.0000 0.0000 0.0000 / -0.2933 -0.8621 0.0000 / -0.5321 -1.9553 0.0000 /  
 0 () || 0.0000 0.0000 0.0000 / 0.2899 -0.6749 0.0000 / 0.3958 -1.8574 0.0000 / 0.0000 0.0000 0.0000 / -0.2933 -0.8621 0.0000 / -0.5321 -1.9553 0.0000 /  
 0 () || 0.0000 0.0000 0.0000 / 0.2899 -0.6749 0.0000 / 0.3958 -1.8574 0.0000 / 0.0000 0.0000 0.0000 / -0.2933 -0.8621 0.0000 / -0.5321 -1.9553 0.0000 /  
 0 () || 0.0000 0.0000 0.0000 / 0.2899 -0.6749 0.0000 / 0.3958 -1.8574 0.0000 / 0.0000 0.0000 0.0000 / -0.2933 -0.8621 0.0000 / -0.5321 -1.9553 0.0000 /  
 第44代  
 0 () || 0.0000 0.0000 0.0000 / 0.2899 -0.6749 0.0000 / 0.3958 -1.8574 0.0000 / 0.0000 0.0000 0.0000 / -0.2933 -0.8621 0.0000 / -0.5321 -1.9553 0.0000 /  
 0 () || 0.0000 0.0000 0.0000 / 0.2899 -0.6749 0.0000 / 0.3958 -1.8574 0.0000 / 0.0000 0.0000 0.0000 / -0.2933 -0.8621 0.0000 / -0.5321 -1.9553 0.0000 /  
 0 () || 0.0000 0.0000 0.0000 / 0.2899 -0.6749 0.0000 / 0.3958 -1.8574 0.0000 / 0.0000 0.0000 0.0000 / -0.2933 -0.8621 0.0000 / -0.5321 -1.9553 0.0000 /  
 0 () || 0.0000 0.0000 0.0000 / 0.2899 -0.6749 0.0000 / 0.3958 -1.8574 0.0000 / 0.0000 0.0000 0.0000 / -0.2933 -0.8621 0.0000 / -0.5321 -1.9553 0.0000 /  
 第45代  
 0 () || 0.0000 0.0000 0.0000 / 0.2755 -0.6705 0.0000 / 0.3957 -1.8058 0.0000 / 0.0000 0.0000 0.0000 / -0.2119 -0.8505 0.0000 / -0.4470 -1.9539 0.0000 /  
 0 () || 0.0000 0.0000 0.0000 / 0.2899 -0.6749 0.0000 / 0.3958 -1.8574 0.0000 / 0.0000 0.0000 0.0000 / -0.2933 -0.8621 0.0000 / -0.5321 -1.9553 0.0000 /  
 0 () || 0.0000 0.0000 0.0000 / 0.2899 -0.6749 0.0000 / 0.3958 -1.8574 0.0000 / 0.0000 0.0000 0.0000 / -0.2933 -0.8621 0.0000 / -0.5321 -1.9553 0.0000 /  
 0 () || 0.0000 0.0000 0.0000 / 0.2899 -0.6749 0.0000 / 0.3958 -1.8574 0.0000 / 0.0000 0.0000 0.0000 / -0.2933 -0.8621 0.0000 / -0.5321 -1.9553 0.0000 /  
 第46代  
 0 () || 0.0000 0.0000 0.0000 / 0.2755 -0.6705 0.0000 / 0.3957 -1.8058 0.0000 / 0.0000 0.0000 0.0000 / -0.2119 -0.8505 0.0000 / -0.4470 -1.9539 0.0000 /  
 0 () || 0.0000 0.0000 0.0000 / 0.2755 -0.6705 0.0000 / 0.3957 -1.8058 0.0000 / 0.0000 0.0000 0.0000 / -0.2119 -0.8505 0.0000 / -0.4470 -1.9539 0.0000 /  
 0 () || 0.0000 0.0000 0.0000 / 0.2899 -0.6749 0.0000 / 0.3958 -1.8574 0.0000 / 0.0000 0.0000 0.0000 / -0.2933 -0.8621 0.0000 / -0.5321 -1.9553 0.0000 /  
 0 () || 0.0000 0.0000 0.0000 / 0.2899 -0.6749 0.0000 / 0.3958 -1.8574 0.0000 / 0.0000 0.0000 0.0000 / -0.2933 -0.8621 0.0000 / -0.5321 -1.9553 0.0000 /  
 第47代  
 0 () || 0.0000 0.0000 0.0000 / 0.2918 -0.6815 0.0000 / 0.3603 -1.9269 0.0000 / 0.0000 0.0000 0.0000 / -0.2911 -0.8507 0.0000 / -0.5398 -1.9902 0.0000 /  
 0 () || 0.0000 0.0000 0.0000 / 0.2755 -0.6705 0.0000 / 0.3957 -1.8058 0.0000 / 0.0000 0.0000 0.0000 / -0.2119 -0.8505 0.0000 / -0.4470 -1.9539 0.0000 /  
 0 () || 0.0000 0.0000 0.0000 / 0.2755 -0.6705 0.0000 / 0.3957 -1.8058 0.0000 / 0.0000 0.0000 0.0000 / -0.2119 -0.8505 0.0000 / -0.4470 -1.9539 0.0000 /  
 0 () || 0.0000 0.0000 0.0000 / 0.2755 -0.6705 0.0000 / 0.3957 -1.8058 0.0000 / 0.0000 0.0000 0.0000 / -0.2119 -0.8505 0.0000 / -0.4470 -1.9539 0.0000 /  
 第48代  
 0 () || 0.0000 0.0000 0.0000 / 0.2918 -0.6815 0.0000 / 0.3603 -1.9269 0.0000 / 0.0000 0.0000 0.0000 / -0.2911 -0.8507 0.0000 / -0.5398 -1.9902 0.0000 /  
 0 () || 0.0000 0.0000 0.0000 / 0.2918 -0.6815 0.0000 / 0.3603 -1.9269 0.0000 / 0.0000 0.0000 0.0000 / -0.2911 -0.8507 0.0000 / -0.5398 -1.9902 0.0000 /  
 0 () || 0.0000 0.0000 0.0000 / 0.2755 -0.6705 0.0000 / 0.3957 -1.8058 0.0000 / 0.0000 0.0000 0.0000 / -0.2119 -0.8505 0.0000 / -0.4470 -1.9539 0.0000 /  
 0 () || 0.0000 0.0000 0.0000 / 0.2755 -0.6705 0.0000 / 0.3957 -1.8058 0.0000 / 0.0000 0.0000 0.0000 / -0.2119 -0.8505 0.0000 / -0.4470 -1.9539 0.0000 /  
 第49代  
 0 () || 0.0000 0.0000 0.0000 / 0.2918 -0.6815 0.0000 / 0.3603 -1.9269 0.0000 / 0.0000 0.0000 0.0000 / -0.2911 -0.8507 0.0000 / -0.5398 -1.9902 0.0000 /  
 0 () || 0.0000 0.0000 0.0000 / 0.2918 -0.6815 0.0000 / 0.3603 -1.9269 0.0000 / 0.0000 0.0000 0.0000 / -0.2911 -0.8507 0.0000 / -0.5398 -1.9902 0.0000 /  
 0 () || 0.0000 0.0000 0.0000 / 0.2918 -0.6815 0.0000 / 0.3603 -1.9269 0.0000 / 0.0000 0.0000 0.0000 / -0.2911 -0.8507 0.0000 / -0.5398 -1.9902 0.0000 /  
 0 () || 0.0000 0.0000 0.0000 / 0.2918 -0.6815 0.0000 / 0.3603 -1.9269 0.0000 / 0.0000 0.0000 0.0000 / -0.2911 -0.8507 0.0000 / -0.5398 -1.9902 0.0000 /  
 第50代  
 0 () || 0.0000 0.0000 0.0000 / 0.2918 -0.6815 0.0000 / 0.3603 -1.9269 0.0000 / 0.0000 0.0000 0.0000 / -0.2911 -0.8507 0.0000 / -0.5398 -1.9902 0.0000 /  
 0 () || 0.0000 0.0000 0.0000 / 0.2918 -0.6815 0.0000 / 0.3603 -1.9269 0.0000 / 0.0000 0.0000 0.0000 / -0.2911 -0.8507 0.0000 / -0.5398 -1.9902 0.0000 /  
 0 () || 0.0000 0.0000 0.0000 / 0.2918 -0.6815 0.0000 / 0.3603 -1.9269 0.0000 / 0.0000 0.0000 0.0000 / -0.2911 -0.8507 0.0000 / -0.5398 -1.9902 0.0000 /  
 0 () || 0.0000 0.0000 0.0000 / 0.2918 -0.6815 0.0000 / 0.3603 -1.9269 0.0000 / 0.0000 0.0000 0.0000 / -0.2911 -0.8507 0.0000 / -0.5398 -1.9902 0.0000 /  
 第51代  
 0 () || 0.0000 0.0000 0.0000 / 0.2918 -0.6815 0.0000 / 0.3603 -1.9269 0.0000 / 0.0000 0.0000 0.0000 / -0.2911 -0.8507 0.0000 / -0.5398 -1.9902 0.0000 /  
 0 () || 0.0000 0.0000 0.0000 / 0.2918 -0.6815 0.0000 / 0.3603 -1.9269 0.0000 / 0.0000 0.0000 0.0000 / -0.2911 -0.8507 0.0000 / -0.5398 -1.9902 0.0000 /  
 0 () || 0.0000 0.0000 0.0000 / 0.2918 -0.6815 0.0000 / 0.3603 -1.9269 0.0000 / 0.0000 0.0000 0.0000 / -0.2911 -0.8507 0.0000 / -0.5398 -1.9902 0.0000 /  
 0 () || 0.0000 0.0000 0.0000 / 0.2918 -0.6815 0.0000 / 0.3603 -1.9269 0.0000 / 0.0000 0.0000 0.0000 / -0.2911 -0.8507 0.0000 / -0.5398 -1.9902 0.0000 /  
 第52代  
 0 () || 0.0000 0.0000 0.0000 / 0.2720 -0.7176 0.0000 / 0.4019 -1.8447 0.0000 / 0.0000 0.0000 0.0000 / -0.2147 -0.8702 0.0000 / -0.4488 -1.9972 0.0000 /  
 0 () || 0.0000 0.0000 0.0000 / 0.2918 -0.6815 0.0000 / 0.3603 -1.9269 0.0000 / 0.0000 0.0000 0.0000 / -0.2911 -0.8507 0.0000 / -0.5398 -1.9902 0.0000 /  
 0 () || 0.0000 0.0000 0.0000 / 0.2918 -0.6815 0.0000 / 0.3603 -1.9269 0.0000 / 0.0000 0.0000 0.0000 / -0.2911 -0.8507 0.0000 / -0.5398 -1.9902 0.0000 /  
 0 () || 0.0000 0.0000 0.0000 / 0.2918 -0.6815 0.0000 / 0.3603 -1.9269 0.0000 / 0.0000 0.0000 0.0000 / -0.2911 -0.8507 0.0000 / -0.5398 -1.9902 0.0000 /  
 第53代  
 0 () || 0.0000 0.0000 0.0000 / 0.2720 -0.7176 0.0000 / 0.4019 -1.8447 0.0000 / 0.0000 0.0000 0.0000 / -0.2147 -0.8702 0.0000 / -0.4488 -1.9972 0.0000 /  
 0 () || 0.0000 0.0000 0.0000 / 0.2720 -0.7176 0.0000 / 0.4019 -1.8447 0.0000 / 0.0000 0.0000 0.0000 / -0.2147 -0.8702 0.0000 / -0.4488 -1.9972 0.0000 /  
 0 () || 0.0000 0.0000 0.0000 / 0.2919 -0.6817 0.0000 / 0.3542 -1.9137 0.0000 / 0.0000 0.0000 0.0000 / -0.2911 -0.8504 0.0000 / -0.5400 -1.9912 0.0000 /  
 0 () || 0.0000 0.0000 0.0000 / 0.2918 -0.6815 0.0000 / 0.3603 -1.9269 0.0000 / 0.0000 0.0000 0.0000 / -0.2911 -0.8507 0.0000 / -0.5398 -1.9902 0.0000 /  
 第54代  
 0 () || 0.0000 0.0000 0.0000 / 0.2720 -0.7176 0.0000 / 0.4019 -1.8447 0.0000 / 0.0000 0.0000 0.0000 / -0.2147 -0.8702 0.0000 / -0.4488 -1.9972 0.0000 /  
 0 () || 0.0000 0.0000 0.0000 / 0.2720 -0.7176 0.0000 / 0.4019 -1.8447 0.0000 / 0.0000 0.0000 0.0000 / -0.2147 -0.8702 0.0000 / -0.4488 -1.9972 0.0000 /  
 0 () || 0.0000 0.0000 0.0000 / 0.2720 -0.7176 0.0000 / 0.4019 -1.8447 0.0000 / 0.0000 0.0000 0.0000 / -0.2147 -0.8702 0.0000 / -0.4488 -1.9972 0.0000 /  
 0 () || 0.0000 0.0000 0.0000 / 0.2720 -0.7176 0.0000 / 0.4019 -1.8447 0.0000 / 0.0000 0.0000 0.0000 / -0.2147 -0.8702 0.0000 / -0.4488 -1.9972 0.0000 /  
 第55代  
 0 () || 0.0000 0.0000 0.0000 / 0.2720 -0.7176 0.0000 / 0.4019 -1.8447 0.0000 / 0.0000 0.0000 0.0000 / -0.2147 -0.8702 0.0000 / -0.4488 -1.9972 0.0000 /  
 0 () || 0.0000 0.0000 0.0000 / 0.2720 -0.7176 0.0000 / 0.4019 -1.8447 0.0000 / 0.0000 0.0000 0.0000 / -0.2147 -0.8702 0.0000 / -0.4488 -1.9972 0.0000 /  
 0 () || 0.0000 0.0000 0.0000 / 0.2720 -0.7176 0.0000 / 0.4019 -1.8447 0.0000 / 0.0000 0.0000 0.0000 / -0.2147 -0.8702 0.0000 / -0.4488 -1.9972 0.0000 /  
 0 () || 0.0000 0.0000 0.0000 / 0.2720 -0.7176 0.0000 / 0.4019 -1.8447 0.0000 / 0.0000 0.0000 0.0000 / -0.2147 -0.8702 0.0000 / -0.4488 -1.9972 0.0000 /  
 第56代  
 0 () || 0.0000 0.0000 0.0000 / 0.2720 -0.7176 0.0000 / 0.4019 -1.8447 0.0000 / 0.0000 0.0000 0.0000 / -0.2147 -0.8702 0.0000 / -0.4488 -1.9972 0.0000 /  
 0 () || 0.0000 0.0000 0.0000 / 0.2720 -0.7176 0.0000 / 0.4019 -1.8447 0.0000 / 0.0000 0.0000 0.0000 / -0.2147 -0.8702 0.0000 / -0.4488 -1.9972 0.0000 /  
 0 () || 0.0000 0.0000 0.0000 / 0.2720 -0.7176 0.0000 / 0.4019 -1.8447 0.0000 / 0.0000 0.0000 0.0000 / -0.2147 -0.8702 0.0000 / -0.4488 -1.9972 0.0000 /  
 0 () || 0.0000 0.0000 0.0000 / 0.2720 -0.7176 0.0000 / 0.4019 -1.8447 0.0000 / 0.0000 0.0000 0.0000 / -0.2147 -0.8702 0.0000 / -0.4488 -1.9972 0.0000 /  
 第57代  
 0 () || 0.0000 0.0000 0.0000 / 0.2796 -0.7501 0.0000 / 0.3786 -1.8805 0.0000 / 0.0000 0.0000 0.0000 / -0.3053 -0.9240 0.0000 / -0.5471 -1.9967 0.0000 /  
 0 () || 0.0000 0.0000 0.0000 / 0.2720 -0.7176 0.0000 / 0.4019 -1.8447 0.0000 / 0.0000 0.0000 0.0000 / -0.2147 -0.8702 0.0000 / -0.4488 -1.9972 0.0000 /  
 0 () || 0.0000 0.0000 0.0000 / 0.2720 -0.7176 0.0000 / 0.4019 -1.8447 0.0000 / 0.0000 0.0000 0.0000 / -0.2147 -0.8702 0.0000 / -0.4488 -1.9972 0.0000 /  
 0 () || 0.0000 0.0000 0.0000 / 0.2720 -0.7176 0.0000 / 0.4019 -1.8447 0.0000 / 0.0000 0.0000 0.0000 / -0.2147 -0.8702 0.0000 / -0.4488 -1.9972 0.0000 /  
 第58代  
 0 () || 0.0000 0.0000 0.0000 / 0.2796 -0.7501 0.0000 / 0.3786 -1.8805 0.0000 / 0.0000 0.0000 0.0000 / -0.3053 -0.9240 0.0000 / -0.5471 -1.9967 0.0000 /  
 0 () || 0.0000 0.0000 0.0000 / 0.2796 -0.7501 0.0000 / 0.3786 -1.8805 0.0000 / 0.0000 0.0000 0.0000 / -0.3053 -0.9240 0.0000 / -0.5471 -1.9967 0.0000 /  
 0 () || 0.0000 0.0000 0.0000 / 0.2720 -0.7176 0.0000 / 0.4019 -1.8447 0.0000 / 0.0000 0.0000 0.0000 / -0.2147 -0.8702 0.0000 / -0.4488 -1.9972 0.0000 /  
 0 () || 0.0000 0.0000 0.0000 / 0.2720 -0.7176 0.0000 / 0.4019 -1.8447 0.0000 / 0.0000 0.0000 0.0000 / -0.2147 -0.8702 0.0000 / -0.4488 -1.9972 0.0000 /  
 第59代  
 0 () || 0.0000 0.0000 0.0000 / 0.2796 -0.7501 0.0000 / 0.3786 -1.8805 0.0000 / 0.0000 0.0000 0.0000 / -0.3053 -0.9240 0.0000 / -0.5471 -1.9967 0.0000 /  
 0 () || 0.0000 0.0000 0.0000 / 0.2796 -0.7501 0.0000 / 0.3786 -1.8805 0.0000 / 0.0000 0.0000 0.0000 / -0.3053 -0.9240 0.0000 / -0.5471 -1.9967 0.0000 /  
 0 () || 0.0000 0.0000 0.0000 / 0.2796 -0.7501 0.0000 / 0.3786 -1.8805 0.0000 / 0.0000 0.0000 0.0000 / -0.3053 -0.9240 0.0000 / -0.5471 -1.9967 0.0000 /  
 0 () || 0.0000 0.0000 0.0000 / 0.2796 -0.7501 0.0000 / 0.3786 -1.8805 0.0000 / 0.0000 0.0000 0.0000 / -0.3053 -0.9240 0.0000 / -0.5471 -1.9967 0.0000 /  
 第60代  
 0 () || 0.0000 0.0000 0.0000 / 0.2796 -0.7501 0.0000 / 0.3786 -1.8805 0.0000 / 0.0000 0.0000 0.0000 / -0.3053 -0.9240 0.0000 / -0.5471 -1.9967 0.0000 /  
 0 () || 0.0000 0.0000 0.0000 / 0.2796 -0.7501 0.0000 / 0.3786 -1.8805 0.0000 / 0.0000 0.0000 0.0000 / -0.3053 -0.9240 0.0000 / -0.5471 -1.9967 0.0000 /  
 0 () || 0.0000 0.0000 0.0000 / 0.2796 -0.7501 0.0000 / 0.3786 -1.8805 0.0000 / 0.0000 0.0000 0.0000 / -0.3053 -0.9240 0.0000 / -0.5471 -1.9967 0.0000 /  
 0 () || 0.0000 0.0000 0.0000 / 0.2796 -0.7501 0.0000 / 0.3786 -1.8805 0.0000 / 0.0000 0.0000 0.0000 / -0.3053 -0.9240 0.0000 / -0.5471 -1.9967 0.0000 /  
 第61代  
 0 () || 0.0000 0.0000 0.0000 / 0.2796 -0.7501 0.0000 / 0.3786 -1.8805 0.0000 / 0.0000 0.0000 0.0000 / -0.3053 -0.9240 0.0000 / -0.5471 -1.9967 0.0000 /  
 0 () || 0.0000 0.0000 0.0000 / 0.2796 -0.7501 0.0000 / 0.3786 -1.8805 0.0000 / 0.0000 0.0000 0.0000 / -0.3053 -0.9240 0.0000 / -0.5471 -1.9967 0.0000 /  
 0 () || 0.0000 0.0000 0.0000 / 0.2796 -0.7501 0.0000 / 0.3786 -1.8805 0.0000 / 0.0000 0.0000 0.0000 / -0.3053 -0.9240 0.0000 / -0.5471 -1.9967 0.0000 /  
 0 () || 0.0000 0.0000 0.0000 / 0.2796 -0.7501 0.0000 / 0.3786 -1.8805 0.0000 / 0.0000 0.0000 0.0000 / -0.3053 -0.9240 0.0000 / -0.5471 -1.9967 0.0000 /  
 第62代  
 0 () || 0.0000 0.0000 0.0000 / 0.2796 -0.7501 0.0000 / 0.3786 -1.8805 0.0000 / 0.0000 0.0000 0.0000 / -0.3053 -0.9240 0.0000 / -0.5471 -1.9967 0.0000 /  
 0 () || 0.0000 0.0000 0.0000 / 0.2796 -0.7501 0.0000 / 0.3786 -1.8805 0.0000 / 0.0000 0.0000 0.0000 / -0.3053 -0.9240 0.0000 / -0.5471 -1.9967 0.0000 /  
 0 () || 0.0000 0.0000 0.0000 / 0.2796 -0.7501 0.0000 / 0.3786 -1.8805 0.0000 / 0.0000 0.0000 0.0000 / -0.3053 -0.9240 0.0000 / -0.5471 -1.9967 0.0000 /  
 0 () || 0.0000 0.0000 0.0000 / 0.2796 -0.7501 0.0000 / 0.3786 -1.8805 0.0000 / 0.0000 0.0000 0.0000 / -0.3053 -0.9240 0.0000 / -0.5471 -1.9967 0.0000 /  
 第63代  
 0 () || 0.0000 0.0000 0.0000 / 0.2796 -0.7501 0.0000 / 0.3786 -1.8805 0.0000 / 0.0000 0.0000 0.0000 / -0.3053 -0.9240 0.0000 / -0.5471 -1.9967 0.0000 /  
 0 () || 0.0000 0.0000 0.0000 / 0.2796 -0.7501 0.0000 / 0.3786 -1.8805 0.0000 / 0.0000 0.0000 0.0000 / -0.3053 -0.9240 0.0000 / -0.5471 -1.9967 0.0000 /  
 0 () || 0.0000 0.0000 0.0000 / 0.2796 -0.7501 0.0000 / 0.3786 -1.8805 0.0000 / 0.0000 0.0000 0.0000 / -0.3053 -0.9240 0.0000 / -0.5471 -1.9967 0.0000 /  
 0 () || 0.0000 0.0000 0.0000 / 0.2796 -0.7501 0.0000 / 0.3786 -1.8805 0.0000 / 0.0000 0.0000 0.0000 / -0.3053 -0.9240 0.0000 / -0.5471 -1.9967 0.0000 /  
 第64代  
 0 () || 0.0000 0.0000 0.0000 / 0.2796 -0.7501 0.0000 / 0.3786 -1.8805 0.0000 / 0.0000 0.0000 0.0000 / -0.3053 -0.9240 0.0000 / -0.5471 -1.9967 0.0000 /  
 0 () || 0.0000 0.0000 0.0000 / 0.2796 -0.7501 0.0000 / 0.3786 -1.8805 0.0000 / 0.0000 0.0000 0.0000 / -0.3053 -0.9240 0.0000 / -0.5471 -1.9967 0.0000 /  
 0 () || 0.0000 0.0000 0.0000 / 0.2796 -0.7501 0.0000 / 0.3786 -1.8805 0.0000 / 0.0000 0.0000 0.0000 / -0.3053 -0.9240 0.0000 / -0.5471 -1.9967 0.0000 /  
 0 () || 0.0000 0.0000 0.0000 / 0.2796 -0.7501 0.0000 / 0.3786 -1.8805 0.0000 / 0.0000 0.0000 0.0000 / -0.3053 -0.9240 0.0000 / -0.5471 -1.9967 0.0000 /  
 第65代  
 0 () || 0.0000 0.0000 0.0000 / 0.2796 -0.7501 0.0000 / 0.3786 -1.8805 0.0000 / 0.0000 0.0000 0.0000 / -0.3053 -0.9240 0.0000 / -0.5471 -1.9967 0.0000 /  
 0 () || 0.0000 0.0000 0.0000 / 0.2796 -0.7501 0.0000 / 0.3786 -1.8805 0.0000 / 0.0000 0.0000 0.0000 / -0.3053 -0.9240 0.0000 / -0.5471 -1.9967 0.0000 /  
 0 () || 0.0000 0.0000 0.0000 / 0.2796 -0.7501 0.0000 / 0.3786 -1.8805 0.0000 / 0.0000 0.0000 0.0000 / -0.3053 -0.9240 0.0000 / -0.5471 -1.9967 0.0000 /  
 0 () || 0.0000 0.0000 0.0000 / 0.2796 -0.7501 0.0000 / 0.3786 -1.8805 0.0000 / 0.0000 0.0000 0.0000 / -0.3053 -0.9240 0.0000 / -0.5471 -1.9967 0.0000 /  
 第66代  
 0 () || 0.0000 0.0000 0.0000 / 0.2796 -0.7501 0.0000 / 0.3786 -1.8805 0.0000 / 0.0000 0.0000 0.0000 / -0.3053 -0.9240 0.0000 / -0.5471 -1.9967 0.0000 /  
 0 () || 0.0000 0.0000 0.0000 / 0.2796 -0.7501 0.0000 / 0.3786 -1.8805 0.0000 / 0.0000 0.0000 0.0000 / -0.3053 -0.9240 0.0000 / -0.5471 -1.9967 0.0000 /  
 0 () || 0.0000 0.0000 0.0000 / 0.2796 -0.7501 0.0000 / 0.3786 -1.8805 0.0000 / 0.0000 0.0000 0.0000 / -0.3053 -0.9240 0.0000 / -0.5471 -1.9967 0.0000 /  
 0 () || 0.0000 0.0000 0.0000 / 0.2796 -0.7501 0.0000 / 0.3786 -1.8805 0.0000 / 0.0000 0.0000 0.0000 / -0.3053 -0.9240 0.0000 / -0.5471 -1.9967 0.0000 /  
 第67代  
 0 () || 0.0000 0.0000 0.0000 / 0.2796 -0.7501 0.0000 / 0.3786 -1.8805 0.0000 / 0.0000 0.0000 0.0000 / -0.3053 -0.9240 0.0000 / -0.5471 -1.9967 0.0000 /  
 0 () || 0.0000 0.0000 0.0000 / 0.2796 -0.7501 0.0000 / 0.3786 -1.8805 0.0000 / 0.0000 0.0000 0.0000 / -0.3053 -0.9240 0.0000 / -0.5471 -1.9967 0.0000 /  
 0 () || 0.0000 0.0000 0.0000 / 0.2796 -0.7501 0.0000 / 0.3786 -1.8805 0.0000 / 0.0000 0.0000 0.0000 / -0.3053 -0.9240 0.0000 / -0.5471 -1.9967 0.0000 /  
 0 () || 0.0000 0.0000 0.0000 / 0.2796 -0.7501 0.0000 / 0.3786 -1.8805 0.0000 / 0.0000 0.0000 0.0000 / -0.3053 -0.9240 0.0000 / -0.5471 -1.9967 0.0000 /  
 第68代  
 0 () || 0.0000 0.0000 0.0000 / 0.2796 -0.7501 0.0000 / 0.3786 -1.8805 0.0000 / 0.0000 0.0000 0.0000 / -0.3053 -0.9240 0.0000 / -0.5471 -1.9967 0.0000 /  
 0 () || 0.0000 0.0000 0.0000 / 0.2796 -0.7501 0.0000 / 0.3786 -1.8805 0.0000 / 0.0000 0.0000 0.0000 / -0.3053 -0.9240 0.0000 / -0.5471 -1.9967 0.0000 /  
 0 () || 0.0000 0.0000 0.0000 / 0.2796 -0.7501 0.0000 / 0.3786 -1.8805 0.0000 / 0.0000 0.0000 0.0000 / -0.3053 -0.9240 0.0000 / -0.5471 -1.9967 0.0000 /  
 0 () || 0.0000 0.0000 0.0000 / 0.2796 -0.7501 0.0000 / 0.3786 -1.8805 0.0000 / 0.0000 0.0000 0.0000 / -0.3053 -0.9240 0.0000 / -0.5471 -1.9967 0.0000 /  
 第69代  
 0 () || 0.0000 0.0000 0.0000 / 0.2796 -0.7501 0.0000 / 0.3786 -1.8805 0.0000 / 0.0000 0.0000 0.0000 / -0.3053 -0.9240 0.0000 / -0.5471 -1.9967 0.0000 /  
 0 () || 0.0000 0.0000 0.0000 / 0.2796 -0.7501 0.0000 / 0.3786 -1.8805 0.0000 / 0.0000 0.0000 0.0000 / -0.3053 -0.9240 0.0000 / -0.5471 -1.9967 0.0000 /  
 0 () || 0.0000 0.0000 0.0000 / 0.2796 -0.7501 0.0000 / 0.3786 -1.8805 0.0000 / 0.0000 0.0000 0.0000 / -0.3053 -0.9240 0.0000 / -0.5471 -1.9967 0.0000 /  
 0 () || 0.0000 0.0000 0.0000 / 0.2796 -0.7501 0.0000 / 0.3786 -1.8805 0.0000 / 0.0000 0.0000 0.0000 / -0.3053 -0.9240 0.0000 / -0.5471 -1.9967 0.0000 /  
 第70代  
 0 () || 0.0000 0.0000 0.0000 / 0.2764 -0.7365 0.0000 / 0.3696 -1.8782 0.0000 / 0.0000 0.0000 0.0000 / -0.3089 -0.9431 0.0000 / -0.5523 -1.9876 0.0000 /  
 0 () || 0.0000 0.0000 0.0000 / 0.2796 -0.7501 0.0000 / 0.3786 -1.8805 0.0000 / 0.0000 0.0000 0.0000 / -0.3053 -0.9240 0.0000 / -0.5471 -1.9967 0.0000 /  
 0 () || 0.0000 0.0000 0.0000 / 0.2796 -0.7501 0.0000 / 0.3786 -1.8805 0.0000 / 0.0000 0.0000 0.0000 / -0.3053 -0.9240 0.0000 / -0.5471 -1.9967 0.0000 /  
 0 () || 0.0000 0.0000 0.0000 / 0.2796 -0.7501 0.0000 / 0.3786 -1.8805 0.0000 / 0.0000 0.0000 0.0000 / -0.3053 -0.9240 0.0000 / -0.5471 -1.9967 0.0000 /  
 第71代  
 0 () || 0.0000 0.0000 0.0000 / 0.2764 -0.7365 0.0000 / 0.3696 -1.8782 0.0000 / 0.0000 0.0000 0.0000 / -0.3089 -0.9431 0.0000 / -0.5523 -1.9876 0.0000 /  
 0 () || 0.0000 0.0000 0.0000 / 0.2764 -0.7365 0.0000 / 0.3696 -1.8782 0.0000 / 0.0000 0.0000 0.0000 / -0.3089 -0.9431 0.0000 / -0.5523 -1.9876 0.0000 /  
 0 () || 0.0000 0.0000 0.0000 / 0.2796 -0.7501 0.0000 / 0.3786 -1.8805 0.0000 / 0.0000 0.0000 0.0000 / -0.3053 -0.9240 0.0000 / -0.5471 -1.9967 0.0000 /  
 0 () || 0.0000 0.0000 0.0000 / 0.2796 -0.7501 0.0000 / 0.3786 -1.8805 0.0000 / 0.0000 0.0000 0.0000 / -0.3053 -0.9240 0.0000 / -0.5471 -1.9967 0.0000 /  
 第72代  
 0 () || 0.0000 0.0000 0.0000 / 0.2764 -0.7365 0.0000 / 0.3696 -1.8782 0.0000 / 0.0000 0.0000 0.0000 / -0.3089 -0.9431 0.0000 / -0.5523 -1.9876 0.0000 /  
 0 () || 0.0000 0.0000 0.0000 / 0.2764 -0.7365 0.0000 / 0.3696 -1.8782 0.0000 / 0.0000 0.0000 0.0000 / -0.3089 -0.9431 0.0000 / -0.5523 -1.9876 0.0000 /  
 0 () || 0.0000 0.0000 0.0000 / 0.2764 -0.7365 0.0000 / 0.3696 -1.8782 0.0000 / 0.0000 0.0000 0.0000 / -0.3089 -0.9431 0.0000 / -0.5523 -1.9876 0.0000 /  
 0 () || 0.0000 0.0000 0.0000 / 0.2764 -0.7365 0.0000 / 0.3696 -1.8782 0.0000 / 0.0000 0.0000 0.0000 / -0.3089 -0.9431 0.0000 / -0.5523 -1.9876 0.0000 /  
 第73代  
 0 () || 0.0000 0.0000 0.0000 / 0.2764 -0.7365 0.0000 / 0.3696 -1.8782 0.0000 / 0.0000 0.0000 0.0000 / -0.3089 -0.9431 0.0000 / -0.5523 -1.9876 0.0000 /  
 0 () || 0.0000 0.0000 0.0000 / 0.2764 -0.7365 0.0000 / 0.3696 -1.8782 0.0000 / 0.0000 0.0000 0.0000 / -0.3089 -0.9431 0.0000 / -0.5523 -1.9876 0.0000 /  
 0 () || 0.0000 0.0000 0.0000 / 0.2764 -0.7365 0.0000 / 0.3696 -1.8782 0.0000 / 0.0000 0.0000 0.0000 / -0.3089 -0.9431 0.0000 / -0.5523 -1.9876 0.0000 /  
 0 () || 0.0000 0.0000 0.0000 / 0.2764 -0.7365 0.0000 / 0.3696 -1.8782 0.0000 / 0.0000 0.0000 0.0000 / -0.3089 -0.9431 0.0000 / -0.5523 -1.9876 0.0000 /  
 第74代  
 0 () || 0.0000 0.0000 0.0000 / 0.2764 -0.7365 0.0000 / 0.3696 -1.8782 0.0000 / 0.0000 0.0000 0.0000 / -0.3089 -0.9431 0.0000 / -0.5523 -1.9876 0.0000 /  
 0 () || 0.0000 0.0000 0.0000 / 0.2764 -0.7365 0.0000 / 0.3696 -1.8782 0.0000 / 0.0000 0.0000 0.0000 / -0.3089 -0.9431 0.0000 / -0.5523 -1.9876 0.0000 /  
 0 () || 0.0000 0.0000 0.0000 / 0.2764 -0.7365 0.0000 / 0.3696 -1.8782 0.0000 / 0.0000 0.0000 0.0000 / -0.3089 -0.9431 0.0000 / -0.5523 -1.9876 0.0000 /  
 0 () || 0.0000 0.0000 0.0000 / 0.2764 -0.7365 0.0000 / 0.3696 -1.8782 0.0000 / 0.0000 0.0000 0.0000 / -0.3089 -0.9431 0.0000 / -0.5523 -1.9876 0.0000 /  
 第75代  
 0 () || 0.0000 0.0000 0.0000 / 0.2764 -0.7365 0.0000 / 0.3696 -1.8782 0.0000 / 0.0000 0.0000 0.0000 / -0.3089 -0.9431 0.0000 / -0.5523 -1.9876 0.0000 /  
 0 () || 0.0000 0.0000 0.0000 / 0.2764 -0.7365 0.0000 / 0.3696 -1.8782 0.0000 / 0.0000 0.0000 0.0000 / -0.3089 -0.9431 0.0000 / -0.5523 -1.9876 0.0000 /  
 0 () || 0.0000 0.0000 0.0000 / 0.2764 -0.7365 0.0000 / 0.3696 -1.8782 0.0000 / 0.0000 0.0000 0.0000 / -0.3089 -0.9431 0.0000 / -0.5523 -1.9876 0.0000 /  
 0 () || 0.0000 0.0000 0.0000 / 0.2764 -0.7365 0.0000 / 0.3696 -1.8782 0.0000 / 0.0000 0.0000 0.0000 / -0.3089 -0.9431 0.0000 / -0.5523 -1.9876 0.0000 /  
 第76代  
 0 () || 0.0000 0.0000 0.0000 / 0.2764 -0.7365 0.0000 / 0.3696 -1.8782 0.0000 / 0.0000 0.0000 0.0000 / -0.3089 -0.9431 0.0000 / -0.5523 -1.9876 0.0000 /  
 0 () || 0.0000 0.0000 0.0000 / 0.2764 -0.7365 0.0000 / 0.3696 -1.8782 0.0000 / 0.0000 0.0000 0.0000 / -0.3089 -0.9431 0.0000 / -0.5523 -1.9876 0.0000 /  
 0 () || 0.0000 0.0000 0.0000 / 0.2764 -0.7365 0.0000 / 0.3696 -1.8782 0.0000 / 0.0000 0.0000 0.0000 / -0.3089 -0.9431 0.0000 / -0.5523 -1.9876 0.0000 /  
 0 () || 0.0000 0.0000 0.0000 / 0.2764 -0.7365 0.0000 / 0.3696 -1.8782 0.0000 / 0.0000 0.0000 0.0000 / -0.3089 -0.9431 0.0000 / -0.5523 -1.9876 0.0000 /  
 第77代  
 0 () || 0.0000 0.0000 0.0000 / 0.2764 -0.7365 0.0000 / 0.3696 -1.8782 0.0000 / 0.0000 0.0000 0.0000 / -0.3089 -0.9431 0.0000 / -0.5523 -1.9876 0.0000 /  
 0 () || 0.0000 0.0000 0.0000 / 0.2764 -0.7365 0.0000 / 0.3696 -1.8782 0.0000 / 0.0000 0.0000 0.0000 / -0.3089 -0.9431 0.0000 / -0.5523 -1.9876 0.0000 /  
 0 () || 0.0000 0.0000 0.0000 / 0.2764 -0.7365 0.0000 / 0.3696 -1.8782 0.0000 / 0.0000 0.0000 0.0000 / -0.3089 -0.9431 0.0000 / -0.5523 -1.9876 0.0000 /  
 0 () || 0.0000 0.0000 0.0000 / 0.2764 -0.7365 0.0000 / 0.3696 -1.8782 0.0000 / 0.0000 0.0000 0.0000 / -0.3089 -0.9431 0.0000 / -0.5523 -1.9876 0.0000 /  
 第78代  
 0 () || 0.0000 0.0000 0.0000 / 0.2764 -0.7365 0.0000 / 0.3696 -1.8782 0.0000 / 0.0000 0.0000 0.0000 / -0.3089 -0.9431 0.0000 / -0.5523 -1.9876 0.0000 /  
 0 () || 0.0000 0.0000 0.0000 / 0.2764 -0.7365 0.0000 / 0.3696 -1.8782 0.0000 / 0.0000 0.0000 0.0000 / -0.3089 -0.9431 0.0000 / -0.5523 -1.9876 0.0000 /  
 0 () || 0.0000 0.0000 0.0000 / 0.2764 -0.7365 0.0000 / 0.3696 -1.8782 0.0000 / 0.0000 0.0000 0.0000 / -0.3089 -0.9431 0.0000 / -0.5523 -1.9876 0.0000 /  
 0 () || 0.0000 0.0000 0.0000 / 0.2764 -0.7365 0.0000 / 0.3696 -1.8782 0.0000 / 0.0000 0.0000 0.0000 / -0.3089 -0.9431 0.0000 / -0.5523 -1.9876 0.0000 /  
 第79代  
 0 () || 0.0000 0.0000 0.0000 / 0.2764 -0.7365 0.0000 / 0.3696 -1.8782 0.0000 / 0.0000 0.0000 0.0000 / -0.3089 -0.9431 0.0000 / -0.5523 -1.9876 0.0000 /  
 0 () || 0.0000 0.0000 0.0000 / 0.2764 -0.7365 0.0000 / 0.3696 -1.8782 0.0000 / 0.0000 0.0000 0.0000 / -0.3089 -0.9431 0.0000 / -0.5523 -1.9876 0.0000 /  
 0 () || 0.0000 0.0000 0.0000 / 0.2764 -0.7365 0.0000 / 0.3696 -1.8782 0.0000 / 0.0000 0.0000 0.0000 / -0.3089 -0.9431 0.0000 / -0.5523 -1.9876 0.0000 /  
 0 () || 0.0000 0.0000 0.0000 / 0.2764 -0.7365 0.0000 / 0.3696 -1.8782 0.0000 / 0.0000 0.0000 0.0000 / -0.3089 -0.9431 0.0000 / -0.5523 -1.9876 0.0000 /  
 第80代  
 0 () || 0.0000 0.0000 0.0000 / 0.2764 -0.7365 0.0000 / 0.3696 -1.8782 0.0000 / 0.0000 0.0000 0.0000 / -0.3089 -0.9431 0.0000 / -0.5523 -1.9876 0.0000 /  
 0 () || 0.0000 0.0000 0.0000 / 0.2764 -0.7365 0.0000 / 0.3696 -1.8782 0.0000 / 0.0000 0.0000 0.0000 / -0.3089 -0.9431 0.0000 / -0.5523 -1.9876 0.0000 /  
 0 () || 0.0000 0.0000 0.0000 / 0.2764 -0.7365 0.0000 / 0.3696 -1.8782 0.0000 / 0.0000 0.0000 0.0000 / -0.3089 -0.9431 0.0000 / -0.5523 -1.9876 0.0000 /  
 0 () || 0.0000 0.0000 0.0000 / 0.2764 -0.7365 0.0000 / 0.3696 -1.8782 0.0000 / 0.0000 0.0000 0.0000 / -0.3089 -0.9431 0.0000 / -0.5523 -1.9876 0.0000 /  
 第81代  
 0 () || 0.0000 0.0000 0.0000 / 0.2764 -0.7365 0.0000 / 0.3696 -1.8782 0.0000 / 0.0000 0.0000 0.0000 / -0.3089 -0.9431 0.0000 / -0.5523 -1.9876 0.0000 /  
 0 () || 0.0000 0.0000 0.0000 / 0.2764 -0.7365 0.0000 / 0.3696 -1.8782 0.0000 / 0.0000 0.0000 0.0000 / -0.3089 -0.9431 0.0000 / -0.5523 -1.9876 0.0000 /  
 0 () || 0.0000 0.0000 0.0000 / 0.2764 -0.7365 0.0000 / 0.3696 -1.8782 0.0000 / 0.0000 0.0000 0.0000 / -0.3089 -0.9431 0.0000 / -0.5523 -1.9876 0.0000 /  
 0 () || 0.0000 0.0000 0.0000 / 0.2764 -0.7365 0.0000 / 0.3696 -1.8782 0.0000 / 0.0000 0.0000 0.0000 / -0.3089 -0.9431 0.0000 / -0.5523 -1.9876 0.0000 /  
 第82代  
 0 () || 0.0000 0.0000 0.0000 / 0.2764 -0.7365 0.0000 / 0.3696 -1.8782 0.0000 / 0.0000 0.0000 0.0000 / -0.3089 -0.9431 0.0000 / -0.5523 -1.9876 0.0000 /  
 0 () || 0.0000 0.0000 0.0000 / 0.2764 -0.7365 0.0000 / 0.3696 -1.8782 0.0000 / 0.0000 0.0000 0.0000 / -0.3089 -0.9431 0.0000 / -0.5523 -1.9876 0.0000 /  
 0 () || 0.0000 0.0000 0.0000 / 0.2764 -0.7365 0.0000 / 0.3696 -1.8782 0.0000 / 0.0000 0.0000 0.0000 / -0.3089 -0.9431 0.0000 / -0.5523 -1.9876 0.0000 /  
 0 () || 0.0000 0.0000 0.0000 / 0.2764 -0.7365 0.0000 / 0.3696 -1.8782 0.0000 / 0.0000 0.0000 0.0000 / -0.3089 -0.9431 0.0000 / -0.5523 -1.9876 0.0000 /  
 第83代  
 0 () || 0.0000 0.0000 0.0000 / 0.2768 -0.7379 0.0000 / 0.4170 -1.9100 0.0000 / 0.0000 0.0000 0.0000 / -0.3086 -0.9410 0.0000 / -0.5531 -1.9922 0.0000 /  
 0 () || 0.0000 0.0000 0.0000 / 0.2764 -0.7365 0.0000 / 0.3696 -1.8782 0.0000 / 0.0000 0.0000 0.0000 / -0.3089 -0.9431 0.0000 / -0.5523 -1.9876 0.0000 /  
 0 () || 0.0000 0.0000 0.0000 / 0.2764 -0.7365 0.0000 / 0.3696 -1.8782 0.0000 / 0.0000 0.0000 0.0000 / -0.3089 -0.9431 0.0000 / -0.5523 -1.9876 0.0000 /  
 0 () || 0.0000 0.0000 0.0000 / 0.2764 -0.7365 0.0000 / 0.3696 -1.8782 0.0000 / 0.0000 0.0000 0.0000 / -0.3089 -0.9431 0.0000 / -0.5523 -1.9876 0.0000 /  
 第84代  
 0 () || 0.0000 0.0000 0.0000 / 0.2768 -0.7379 0.0000 / 0.4170 -1.9100 0.0000 / 0.0000 0.0000 0.0000 / -0.3086 -0.9410 0.0000 / -0.5531 -1.9922 0.0000 /  
 0 () || 0.0000 0.0000 0.0000 / 0.2768 -0.7379 0.0000 / 0.4170 -1.9100 0.0000 / 0.0000 0.0000 0.0000 / -0.3086 -0.9410 0.0000 / -0.5531 -1.9922 0.0000 /  
 0 () || 0.0000 0.0000 0.0000 / 0.2764 -0.7365 0.0000 / 0.3696 -1.8782 0.0000 / 0.0000 0.0000 0.0000 / -0.3089 -0.9431 0.0000 / -0.5523 -1.9876 0.0000 /  
 0 () || 0.0000 0.0000 0.0000 / 0.2764 -0.7365 0.0000 / 0.3696 -1.8782 0.0000 / 0.0000 0.0000 0.0000 / -0.3089 -0.9431 0.0000 / -0.5523 -1.9876 0.0000 /  
 第85代  
 0 () || 0.0000 0.0000 0.0000 / 0.2771 -0.7393 0.0000 / 0.3609 -1.8392 0.0000 / 0.0000 0.0000 0.0000 / -0.3082 -0.9391 0.0000 / -0.5539 -1.9966 0.0000 /  
 0 () || 0.0000 0.0000 0.0000 / 0.2768 -0.7379 0.0000 / 0.4170 -1.9100 0.0000 / 0.0000 0.0000 0.0000 / -0.3086 -0.9410 0.0000 / -0.5531 -1.9922 0.0000 /  
 0 () || 0.0000 0.0000 0.0000 / 0.2768 -0.7379 0.0000 / 0.4170 -1.9100 0.0000 / 0.0000 0.0000 0.0000 / -0.3086 -0.9410 0.0000 / -0.5531 -1.9922 0.0000 /  
 0 () || 0.0000 0.0000 0.0000 / 0.2768 -0.7379 0.0000 / 0.4170 -1.9100 0.0000 / 0.0000 0.0000 0.0000 / -0.3086 -0.9410 0.0000 / -0.5531 -1.9922 0.0000 /  
 第86代  
 0 () || 0.0000 0.0000 0.0000 / 0.2771 -0.7393 0.0000 / 0.3609 -1.8392 0.0000 / 0.0000 0.0000 0.0000 / -0.3082 -0.9391 0.0000 / -0.5539 -1.9966 0.0000 /  
 0 () || 0.0000 0.0000 0.0000 / 0.2771 -0.7393 0.0000 / 0.3609 -1.8392 0.0000 / 0.0000 0.0000 0.0000 / -0.3082 -0.9391 0.0000 / -0.5539 -1.9966 0.0000 /  
 0 () || 0.0000 0.0000 0.0000 / 0.2768 -0.7379 0.0000 / 0.4170 -1.9100 0.0000 / 0.0000 0.0000 0.0000 / -0.3086 -0.9410 0.0000 / -0.5531 -1.9922 0.0000 /  
 0 () || 0.0000 0.0000 0.0000 / 0.2768 -0.7379 0.0000 / 0.4170 -1.9100 0.0000 / 0.0000 0.0000 0.0000 / -0.3086 -0.9410 0.0000 / -0.5531 -1.9922 0.0000 /  
 第87代  
 0 () || 0.0000 0.0000 0.0000 / 0.2771 -0.7393 0.0000 / 0.3609 -1.8392 0.0000 / 0.0000 0.0000 0.0000 / -0.3082 -0.9391 0.0000 / -0.5539 -1.9966 0.0000 /  
 0 () || 0.0000 0.0000 0.0000 / 0.2771 -0.7393 0.0000 / 0.3609 -1.8392 0.0000 / 0.0000 0.0000 0.0000 / -0.3082 -0.9391 0.0000 / -0.5539 -1.9966 0.0000 /  
 0 () || 0.0000 0.0000 0.0000 / 0.2771 -0.7393 0.0000 / 0.3609 -1.8392 0.0000 / 0.0000 0.0000 0.0000 / -0.3082 -0.9391 0.0000 / -0.5539 -1.9966 0.0000 /  
 0 () || 0.0000 0.0000 0.0000 / 0.2771 -0.7393 0.0000 / 0.3609 -1.8392 0.0000 / 0.0000 0.0000 0.0000 / -0.3082 -0.9391 0.0000 / -0.5539 -1.9966 0.0000 /  
 第88代  
 0 () || 0.0000 0.0000 0.0000 / 0.2771 -0.7393 0.0000 / 0.3609 -1.8392 0.0000 / 0.0000 0.0000 0.0000 / -0.3082 -0.9391 0.0000 / -0.5539 -1.9966 0.0000 /  
 0 () || 0.0000 0.0000 0.0000 / 0.2771 -0.7393 0.0000 / 0.3609 -1.8392 0.0000 / 0.0000 0.0000 0.0000 / -0.3082 -0.9391 0.0000 / -0.5539 -1.9966 0.0000 /  
 0 () || 0.0000 0.0000 0.0000 / 0.2771 -0.7393 0.0000 / 0.3609 -1.8392 0.0000 / 0.0000 0.0000 0.0000 / -0.3082 -0.9391 0.0000 / -0.5539 -1.9966 0.0000 /  
 0 () || 0.0000 0.0000 0.0000 / 0.2771 -0.7393 0.0000 / 0.3609 -1.8392 0.0000 / 0.0000 0.0000 0.0000 / -0.3082 -0.9391 0.0000 / -0.5539 -1.9966 0.0000 /  
 第89代  
 0 () || 0.0000 0.0000 0.0000 / 0.2771 -0.7393 0.0000 / 0.3609 -1.8392 0.0000 / 0.0000 0.0000 0.0000 / -0.3082 -0.9391 0.0000 / -0.5539 -1.9966 0.0000 /  
 0 () || 0.0000 0.0000 0.0000 / 0.2771 -0.7393 0.0000 / 0.3609 -1.8392 0.0000 / 0.0000 0.0000 0.0000 / -0.3082 -0.9391 0.0000 / -0.5539 -1.9966 0.0000 /  
 0 () || 0.0000 0.0000 0.0000 / 0.2771 -0.7393 0.0000 / 0.3609 -1.8392 0.0000 / 0.0000 0.0000 0.0000 / -0.3082 -0.9391 0.0000 / -0.5539 -1.9966 0.0000 /  
 0 () || 0.0000 0.0000 0.0000 / 0.2771 -0.7393 0.0000 / 0.3609 -1.8392 0.0000 / 0.0000 0.0000 0.0000 / -0.3082 -0.9391 0.0000 / -0.5539 -1.9966 0.0000 /  
 第90代  
 0 () || 0.0000 0.0000 0.0000 / 0.2771 -0.7393 0.0000 / 0.3609 -1.8392 0.0000 / 0.0000 0.0000 0.0000 / -0.3082 -0.9391 0.0000 / -0.5539 -1.9966 0.0000 /  
 0 () || 0.0000 0.0000 0.0000 / 0.2771 -0.7393 0.0000 / 0.3609 -1.8392 0.0000 / 0.0000 0.0000 0.0000 / -0.3082 -0.9391 0.0000 / -0.5539 -1.9966 0.0000 /  
 0 () || 0.0000 0.0000 0.0000 / 0.2771 -0.7393 0.0000 / 0.3609 -1.8392 0.0000 / 0.0000 0.0000 0.0000 / -0.3082 -0.9391 0.0000 / -0.5539 -1.9966 0.0000 /  
 0 () || 0.0000 0.0000 0.0000 / 0.2771 -0.7393 0.0000 / 0.3609 -1.8392 0.0000 / 0.0000 0.0000 0.0000 / -0.3082 -0.9391 0.0000 / -0.5539 -1.9966 0.0000 /  
 第91代  
 0 () || 0.0000 0.0000 0.0000 / 0.2771 -0.7393 0.0000 / 0.3609 -1.8392 0.0000 / 0.0000 0.0000 0.0000 / -0.3082 -0.9391 0.0000 / -0.5539 -1.9966 0.0000 /  
 0 () || 0.0000 0.0000 0.0000 / 0.2771 -0.7393 0.0000 / 0.3609 -1.8392 0.0000 / 0.0000 0.0000 0.0000 / -0.3082 -0.9391 0.0000 / -0.5539 -1.9966 0.0000 /  
 0 () || 0.0000 0.0000 0.0000 / 0.2771 -0.7393 0.0000 / 0.3609 -1.8392 0.0000 / 0.0000 0.0000 0.0000 / -0.3082 -0.9391 0.0000 / -0.5539 -1.9966 0.0000 /  
 0 () || 0.0000 0.0000 0.0000 / 0.2771 -0.7393 0.0000 / 0.3609 -1.8392 0.0000 / 0.0000 0.0000 0.0000 / -0.3082 -0.9391 0.0000 / -0.5539 -1.9966 0.0000 /  
 第92代  
 0 () || 0.0000 0.0000 0.0000 / 0.2771 -0.7393 0.0000 / 0.3609 -1.8392 0.0000 / 0.0000 0.0000 0.0000 / -0.3082 -0.9391 0.0000 / -0.5539 -1.9966 0.0000 /  
 0 () || 0.0000 0.0000 0.0000 / 0.2771 -0.7393 0.0000 / 0.3609 -1.8392 0.0000 / 0.0000 0.0000 0.0000 / -0.3082 -0.9391 0.0000 / -0.5539 -1.9966 0.0000 /  
 0 () || 0.0000 0.0000 0.0000 / 0.2771 -0.7393 0.0000 / 0.3609 -1.8392 0.0000 / 0.0000 0.0000 0.0000 / -0.3082 -0.9391 0.0000 / -0.5539 -1.9966 0.0000 /  
 0 () || 0.0000 0.0000 0.0000 / 0.2771 -0.7393 0.0000 / 0.3609 -1.8392 0.0000 / 0.0000 0.0000 0.0000 / -0.3082 -0.9391 0.0000 / -0.5539 -1.9966 0.0000 /  
 第93代  
 0 () || 0.0000 0.0000 0.0000 / 0.2771 -0.7393 0.0000 / 0.3609 -1.8392 0.0000 / 0.0000 0.0000 0.0000 / -0.3082 -0.9391 0.0000 / -0.5539 -1.9966 0.0000 /  
 0 () || 0.0000 0.0000 0.0000 / 0.2771 -0.7393 0.0000 / 0.3609 -1.8392 0.0000 / 0.0000 0.0000 0.0000 / -0.3082 -0.9391 0.0000 / -0.5539 -1.9966 0.0000 /  
 0 () || 0.0000 0.0000 0.0000 / 0.2771 -0.7393 0.0000 / 0.3609 -1.8392 0.0000 / 0.0000 0.0000 0.0000 / -0.3082 -0.9391 0.0000 / -0.5539 -1.9966 0.0000 /  
 0 () || 0.0000 0.0000 0.0000 / 0.2771 -0.7393 0.0000 / 0.3609 -1.8392 0.0000 / 0.0000 0.0000 0.0000 / -0.3082 -0.9391 0.0000 / -0.5539 -1.9966 0.0000 /  
 第94代  
 0 () || 0.0000 0.0000 0.0000 / 0.2771 -0.7393 0.0000 / 0.3609 -1.8392 0.0000 / 0.0000 0.0000 0.0000 / -0.3082 -0.9391 0.0000 / -0.5539 -1.9966 0.0000 /  
 0 () || 0.0000 0.0000 0.0000 / 0.2771 -0.7393 0.0000 / 0.3609 -1.8392 0.0000 / 0.0000 0.0000 0.0000 / -0.3082 -0.9391 0.0000 / -0.5539 -1.9966 0.0000 /  
 0 () || 0.0000 0.0000 0.0000 / 0.2771 -0.7393 0.0000 / 0.3609 -1.8392 0.0000 / 0.0000 0.0000 0.0000 / -0.3082 -0.9391 0.0000 / -0.5539 -1.9966 0.0000 /  
 0 () || 0.0000 0.0000 0.0000 / 0.2771 -0.7393 0.0000 / 0.3609 -1.8392 0.0000 / 0.0000 0.0000 0.0000 / -0.3082 -0.9391 0.0000 / -0.5539 -1.9966 0.0000 /  
 第95代  
 0 () || 0.0000 0.0000 0.0000 / 0.2771 -0.7393 0.0000 / 0.3609 -1.8392 0.0000 / 0.0000 0.0000 0.0000 / -0.3082 -0.9391 0.0000 / -0.5539 -1.9966 0.0000 /  
 0 () || 0.0000 0.0000 0.0000 / 0.2771 -0.7393 0.0000 / 0.3609 -1.8392 0.0000 / 0.0000 0.0000 0.0000 / -0.3082 -0.9391 0.0000 / -0.5539 -1.9966 0.0000 /  
 0 () || 0.0000 0.0000 0.0000 / 0.2771 -0.7393 0.0000 / 0.3609 -1.8392 0.0000 / 0.0000 0.0000 0.0000 / -0.3082 -0.9391 0.0000 / -0.5539 -1.9966 0.0000 /  
 0 () || 0.0000 0.0000 0.0000 / 0.2771 -0.7393 0.0000 / 0.3609 -1.8392 0.0000 / 0.0000 0.0000 0.0000 / -0.3082 -0.9391 0.0000 / -0.5539 -1.9966 0.0000 /  
 第96代  
 0 () || 0.0000 0.0000 0.0000 / 0.2771 -0.7393 0.0000 / 0.3609 -1.8392 0.0000 / 0.0000 0.0000 0.0000 / -0.3082 -0.9391 0.0000 / -0.5539 -1.9966 0.0000 /  
 0 () || 0.0000 0.0000 0.0000 / 0.2771 -0.7393 0.0000 / 0.3609 -1.8392 0.0000 / 0.0000 0.0000 0.0000 / -0.3082 -0.9391 0.0000 / -0.5539 -1.9966 0.0000 /  
 0 () || 0.0000 0.0000 0.0000 / 0.2771 -0.7393 0.0000 / 0.3609 -1.8392 0.0000 / 0.0000 0.0000 0.0000 / -0.3082 -0.9391 0.0000 / -0.5539 -1.9966 0.0000 /  
 0 () || 0.0000 0.0000 0.0000 / 0.2771 -0.7393 0.0000 / 0.3609 -1.8392 0.0000 / 0.0000 0.0000 0.0000 / -0.3082 -0.9391 0.0000 / -0.5539 -1.9966 0.0000 /  
 第97代  
 0 () || 0.0000 0.0000 0.0000 / 0.2771 -0.7393 0.0000 / 0.3609 -1.8392 0.0000 / 0.0000 0.0000 0.0000 / -0.3082 -0.9391 0.0000 / -0.5539 -1.9966 0.0000 /  
 0 () || 0.0000 0.0000 0.0000 / 0.2771 -0.7393 0.0000 / 0.3609 -1.8392 0.0000 / 0.0000 0.0000 0.0000 / -0.3082 -0.9391 0.0000 / -0.5539 -1.9966 0.0000 /  
 0 () || 0.0000 0.0000 0.0000 / 0.2771 -0.7393 0.0000 / 0.3609 -1.8392 0.0000 / 0.0000 0.0000 0.0000 / -0.3082 -0.9391 0.0000 / -0.5539 -1.9966 0.0000 /  
 0 () || 0.0000 0.0000 0.0000 / 0.2771 -0.7393 0.0000 / 0.3609 -1.8392 0.0000 / 0.0000 0.0000 0.0000 / -0.3082 -0.9391 0.0000 / -0.5539 -1.9966 0.0000 /  
 第98代  
 0 () || 0.0000 0.0000 0.0000 / 0.2771 -0.7393 0.0000 / 0.3609 -1.8392 0.0000 / 0.0000 0.0000 0.0000 / -0.3082 -0.9391 0.0000 / -0.5539 -1.9966 0.0000 /  
 0 () || 0.0000 0.0000 0.0000 / 0.2771 -0.7393 0.0000 / 0.3609 -1.8392 0.0000 / 0.0000 0.0000 0.0000 / -0.3082 -0.9391 0.0000 / -0.5539 -1.9966 0.0000 /  
 0 () || 0.0000 0.0000 0.0000 / 0.2771 -0.7393 0.0000 / 0.3609 -1.8392 0.0000 / 0.0000 0.0000 0.0000 / -0.3082 -0.9391 0.0000 / -0.5539 -1.9966 0.0000 /  
 0 () || 0.0000 0.0000 0.0000 / 0.2771 -0.7393 0.0000 / 0.3609 -1.8392 0.0000 / 0.0000 0.0000 0.0000 / -0.3082 -0.9391 0.0000 / -0.5539 -1.9966 0.0000 /  
 第99代  
 0 () || 0.0000 0.0000 0.0000 / 0.2771 -0.7393 0.0000 / 0.3609 -1.8392 0.0000 / 0.0000 0.0000 0.0000 / -0.3082 -0.9391 0.0000 / -0.5539 -1.9966 0.0000 /  
 0 () || 0.0000 0.0000 0.0000 / 0.2771 -0.7393 0.0000 / 0.3609 -1.8392 0.0000 / 0.0000 0.0000 0.0000 / -0.3082 -0.9391 0.0000 / -0.5539 -1.9966 0.0000 /  
 0 () || 0.0000 0.0000 0.0000 / 0.2771 -0.7393 0.0000 / 0.3609 -1.8392 0.0000 / 0.0000 0.0000 0.0000 / -0.3082 -0.9391 0.0000 / -0.5539 -1.9966 0.0000 /  
 0 () || 0.0000 0.0000 0.0000 / 0.2771 -0.7393 0.0000 / 0.3609 -1.8392 0.0000 / 0.0000 0.0000 0.0000 / -0.3082 -0.9391 0.0000 / -0.5539 -1.9966 0.0000 /  
 第100代  
 0 () || 0.0000 0.0000 0.0000 / 0.2771 -0.7393 0.0000 / 0.3609 -1.8392 0.0000 / 0.0000 0.0000 0.0000 / -0.3082 -0.9391 0.0000 / -0.5539 -1.9966 0.0000 /  
 0 () || 0.0000 0.0000 0.0000 / 0.2771 -0.7393 0.0000 / 0.3609 -1.8392 0.0000 / 0.0000 0.0000 0.0000 / -0.3082 -0.9391 0.0000 / -0.5539 -1.9966 0.0000 /  
 0 () || 0.0000 0.0000 0.0000 / 0.2771 -0.7393 0.0000 / 0.3609 -1.8392 0.0000 / 0.0000 0.0000 0.0000 / -0.3082 -0.9391 0.0000 / -0.5539 -1.9966 0.0000 /  
 0 () || 0.0000 0.0000 0.0000 / 0.2771 -0.7393 0.0000 / 0.3609 -1.8392 0.0000 / 0.0000 0.0000 0.0000 / -0.3082 -0.9391 0.0000 / -0.5539 -1.9966 0.0000 /  
 